# num_procs = 100
# mean_io_bursts = 50
# mean_iat = 10
# min_CPU = 0.1
# max_CPU = 1
# min_IO = 1
# max_IO = 1
# seed = 39
7.916184950095817 0.5729631250281253 1.0 0.5243011699820642 1.0 0.9330974924253972 1.0 0.9499975771450039 1.0 0.4733477167159189 1.0 0.9516341069554752 1.0 0.32704281312661615 1.0 0.8743634299656142 1.0 0.8693186925806374 1.0 0.3663760931713287 1.0 0.8598479482070079 1.0 0.24143123768938946 1.0 0.2688375158934132 1.0 0.5938742556588347 1.0 0.9392466147658407 1.0 0.6873015066294205 1.0 0.8370507017298994 1.0 0.8630603030013853 1.0 0.5297112669222002 1.0 0.8561722152741286 1.0 0.6511259805722082 1.0 0.1357508138291173 1.0 0.364287632618698 1.0 0.7506651473856334 1.0 0.8117663388002236 1.0 0.4119824558161309 1.0 0.31125664288925065 1.0 0.9458906202621946 1.0 0.9062422733460967 1.0 0.11227317409932273 1.0 0.3713100767667479 1.0 0.1144691994452305 1.0 0.832958977709303 1.0 0.3686004332364383 1.0 0.40599991994074214 1.0 0.4945716633763435 1.0 0.721689483582608 1.0 0.9555731425908934 1.0 0.7472181426415131 1.0 0.20292095119614514 1.0 0.610798676385866
11.607628727457017 0.7998771841130452 1.0 0.6069746152912711 1.0 0.682521217389294 1.0 0.6364229428020197 1.0 0.3950034561486495 1.0 0.9148862890658067 1.0 0.3429953240601782 1.0 0.1442103292504124 1.0 0.2515943915447363 1.0 0.6064364070559716 1.0 0.42329975407050435 1.0 0.45888639313120416 1.0 0.7853825025334048 1.0 0.807406801277829 1.0 0.25229702093486095 1.0 0.8611537290911574 1.0 0.25688156089625713 1.0 0.9856152161501799 1.0 0.4943766087775979 1.0 0.7592426606667786 1.0 0.28054685570362947 1.0 0.1926702591317873 1.0 0.32079243113886424 1.0 0.17266287127772117 1.0 0.20193588254268657 1.0 0.3914139534861536 1.0 0.8317182442952146 1.0 0.3929624367969424 1.0 0.8256398270077581 1.0 0.9669121181478205 1.0 0.9568762152897086 1.0 0.7726001307164252 1.0 0.32363406471916956 1.0 0.489487988151162 1.0 0.3437375025435732 1.0 0.4961897661089705 1.0 0.4588465092304803 1.0 0.6044836271007463 1.0 0.3940858307391941 1.0 0.7126896599654072 1.0 0.6154034498391547 1.0 0.5240102744285572 1.0 0.5107331699388893 1.0 0.7654278477758865 1.0 0.9682637258946212 1.0 0.15669904115566724 1.0 0.6439650651588774 1.0 0.671768037061679 1.0 0.3478590030903296
22.811985197412746 0.3526496975954748 1.0 0.8854427899289842 1.0 0.31371100180596817 1.0 0.7459123312787495 1.0 0.4408812625450087 1.0 0.6757266164361928 1.0 0.2282186650054269 1.0 0.6487715752586584 1.0 0.4909575089764 1.0 0.9263248437778283 1.0 0.316360458386667 1.0 0.23223248140212285 1.0 0.809212148780668 1.0 0.9244066322293216 1.0 0.9014514743386587 1.0 0.5067847046913363 1.0 0.5191732316445242 1.0 0.12094111337815437 1.0 0.7757963799505461 1.0 0.7996877386641771 1.0 0.5969198652683654 1.0 0.2869504936906233 1.0 0.6636227033413842 1.0 0.6304950841780648 1.0 0.4700516120586943 1.0 0.5734805783222927 1.0 0.6562880290126063 1.0 0.5288879516061156 1.0 0.9170731229921814 1.0 0.36450521902194044 1.0 0.5329196494019696 1.0 0.9953982574403321 1.0 0.9397899028693374 1.0 0.8311521950069756 1.0 0.19434358373869084 1.0 0.7258808683935569 1.0 0.9631894172536803 1.0 0.38139284825121167 1.0 0.35983633189824205 1.0 0.5150642988402285 1.0 0.2560259917483051 1.0 0.7038868818900351 1.0 0.9402227599636311 1.0 0.5954009794791446 1.0 0.7460027858682462 1.0 0.9967686647669348 1.0 0.9523164637097431 1.0 0.9544673098829438 1.0 0.1306155964949175 1.0 0.26481229410887336 1.0 0.952924858265206 1.0 0.8249591192550308 1.0 0.7054440131677815
30.803862501956317 0.17805024869128022 1.0 0.5138654615186736 1.0 0.16904904981883379 1.0 0.4016506630214537 1.0 0.5706126956861853 1.0 0.6348389161635313 1.0 0.8970733565018167 1.0 0.4825503284467926 1.0 0.3870493155593887 1.0 0.2294317212718038 1.0 0.6227597598018666 1.0 0.6153940833936979 1.0 0.607654543871191 1.0 0.8038164537366402 1.0 0.2617433429808593 1.0 0.41858355067013975 1.0 0.5943574010446032 1.0 0.4407047045692145 1.0 0.9933212147204528 1.0 0.4567641851038192 1.0 0.4818931303931331 1.0 0.10961161390442192 1.0 0.4272025891357 1.0 0.6044300211573056 1.0 0.8672481104703478 1.0 0.2707830866433357 1.0 0.18342634846822486 1.0 0.9992822045057912 1.0 0.7009811135716486 1.0 0.619573953351186 1.0 0.821728653439755 1.0 0.8253119135512037 1.0 0.4678995505833671 1.0 0.23504006156146642 1.0 0.42226153632832153 1.0 0.654765845823634 1.0 0.9166790050965853 1.0 0.7268997383379107 1.0 0.641917280154192 1.0 0.29217071233248987 1.0 0.2500214928652692 1.0 0.497618179333433 1.0 0.25317810311186395 1.0 0.6401457052267883 1.0 0.9111379600857983 1.0 0.8791446060717854 1.0 0.9007756417990658
32.69919544702676 0.17293018938876176 1.0 0.4998664857135472 1.0 0.7217277962887112 1.0 0.29012778318244137 1.0 0.8437955839891846 1.0 0.7990427294796422 1.0 0.7362041998621746 1.0 0.12678528109423062 1.0 0.46998745785956886 1.0 0.2966772097652729 1.0 0.9014202043744429 1.0 0.5538832600945282 1.0 0.62595358747699 1.0 0.6361545760692717 1.0 0.8199810965107953 1.0 0.9566986624515251 1.0 0.6714942377938549 1.0 0.6650832790917507 1.0 0.47593543078727263 1.0 0.6487886105210514 1.0 0.5278966401111549 1.0 0.7470469222958002 1.0 0.12960110371368613 1.0 0.42397738217395264 1.0 0.747576488777646 1.0 0.43474841867551217 1.0 0.1648238963576547 1.0 0.6161234369224396 1.0 0.6508903953001545 1.0 0.6247084526758345 1.0 0.5336514635037084 1.0 0.36761581184032854 1.0 0.38607213757609526 1.0 0.5655323306186223 1.0 0.2921287334353938 1.0 0.12857747074228182 1.0 0.1265382024133395 1.0 0.362101979173731 1.0 0.26607523001543654 1.0 0.24276056630702547 1.0 0.9435660666949758 1.0 0.3505571491854542 1.0 0.9088451180907894 1.0 0.9909799656030179 1.0 0.19216906885032686 1.0 0.7243742030188866 1.0 0.6644303153822236 1.0 0.38381090734807755 1.0 0.8982568153522654 1.0 0.7787324629051728 1.0 0.8023930905956395 1.0 0.8859711400484106 1.0 0.351040507563234 1.0 0.718492484930353 1.0 0.14484692017544049 1.0 0.92293317911353 1.0 0.2016295419470223 1.0 0.4737881513996114 1.0 0.8810221463338878 1.0 0.9396379498399199 1.0 0.8400754504560866 1.0 0.27873986340721646 1.0 0.3671043488022877 1.0 0.8858873884210225 1.0 0.5980785266388834
37.33710095143798 0.612069410146435 1.0 0.9389357928897949 1.0 0.7732903136866487 1.0 0.8097693060815675 1.0 0.8809213824014757 1.0 0.7287733445372643 1.0 0.9845629487854521 1.0 0.49795334567088634 1.0 0.2456794088753845 1.0 0.1344621006577232 1.0 0.9475612291161761 1.0 0.8064924017525253 1.0 0.785237876517848 1.0 0.4138315098514752 1.0 0.8074556596500551 1.0 0.7631358571704774 1.0 0.6013411358104264 1.0 0.9860884580306478 1.0 0.596196488828588 1.0 0.13686508053099078 1.0 0.30665613736506997 1.0 0.3748352724217181 1.0 0.6204109259432649 1.0 0.8267283590005101 1.0 0.8868435669008998 1.0 0.20850520637796555 1.0 0.5571688260093218 1.0 0.63921562091047 1.0 0.4364510465817706 1.0 0.9581280861934512 1.0 0.7768312174410273 1.0 0.5067005120018705 1.0 0.22263320192885588 1.0 0.23935137742057644 1.0 0.6676319445038874 1.0 0.49943416879548386 1.0 0.6607077742039835 1.0 0.7348193114044029 1.0 0.1456101255055649 1.0 0.8390598044878077 1.0 0.675053482685711 1.0 0.39973548920944024 1.0 0.3548854153058544 1.0 0.6960804207584834 1.0 0.6680716889368571 1.0 0.2521852987755352 1.0 0.4827528542045385 1.0 0.7680658226807653
64.27408266727825 0.665662785810089 1.0 0.5529288545976665 1.0 0.24444571965097636 1.0 0.5151607266770534 1.0 0.19052849772677666 1.0 0.3980141366462566 1.0 0.16416272754149125 1.0 0.5749595535678556 1.0 0.41448721590337256 1.0 0.9855739466467324 1.0 0.46266947266291336 1.0 0.9755896424381617 1.0 0.8452997477549907 1.0 0.672316406175089 1.0 0.9369071908675524 1.0 0.8319140751297766 1.0 0.7310191265625572 1.0 0.334945673285714 1.0 0.9075529462636064 1.0 0.8360749960748713 1.0 0.6894649984182375 1.0 0.2821175181472022 1.0 0.7243200140629725 1.0 0.37530817504051006 1.0 0.5114894281439255 1.0 0.6168931871342206 1.0 0.8277485110627116 1.0 0.9862028831552617 1.0 0.8914103752864498 1.0 0.40322784043852633 1.0 0.24196148006359736 1.0 0.45831470926510876 1.0 0.4751493648744064 1.0 0.6420172105288124 1.0 0.9315448075455881 1.0 0.8231226888248706 1.0 0.832339433650845 1.0 0.8098791559208661 1.0 0.5990164285856986 1.0 0.737836692936892 1.0 0.11570161072547834 1.0 0.8508660773463084 1.0 0.503813306273753 1.0 0.6170708372784761 1.0 0.6751405994034994 1.0 0.602570053145407 1.0 0.2937762003651999 1.0 0.7899504207631864 1.0 0.6063551347063294
72.11744750289111 0.20063954976225284 1.0 0.42321025707086124 1.0 0.8313401963695496 1.0 0.7601917548617847 1.0 0.8523045313165616 1.0 0.9457613967510868 1.0 0.42476644380693673 1.0 0.8926228177915764 1.0 0.7392039889491355 1.0 0.5926025933366399 1.0 0.9107297606691444 1.0 0.44295199424265164 1.0 0.8167412890200403 1.0 0.6514877235314508 1.0 0.6563918468211973 1.0 0.8067273458503021 1.0 0.45527745886261584 1.0 0.4712810232345884 1.0 0.7849451992044802 1.0 0.8498627071949426 1.0 0.30306328033286223 1.0 0.499042247658969 1.0 0.8275904671422606 1.0 0.9826266650969453 1.0 0.8946521040526818 1.0 0.27385728034436285 1.0 0.6743329171554294 1.0 0.3229646407931458 1.0 0.4599617480303324 1.0 0.8749494259115166 1.0 0.694323628337899 1.0 0.3422657813347512 1.0 0.6647367708117335 1.0 0.4153432213577054 1.0 0.501246493709113 1.0 0.7457700706040069 1.0 0.17015578076587962 1.0 0.7056545404337219 1.0 0.19029600023721557 1.0 0.160588170148417 1.0 0.21550238732139854 1.0 0.21101858562612458 1.0 0.8179621316990852 1.0 0.42854589734442683 1.0 0.29128943923620687 1.0 0.17530075593786482 1.0 0.28071115189670803 1.0 0.264125980071477 1.0 0.540778594570865 1.0 0.6854416116251637 1.0 0.32077692405420577 1.0 0.8696691468534393 1.0 0.8134826033221821 1.0 0.40946028281379454 1.0 0.7269811121454292 1.0 0.6319831761196829 1.0 0.4636392771899156 1.0 0.9574249038556701 1.0 0.34338117861532097 1.0 0.7733164245183884 1.0 0.21503835050479625 1.0 0.6174219618320828 1.0 0.8477823470267661 1.0 0.40065860351231186 1.0 0.8619679294777971
103.43856418887425 0.21739853488992655 1.0 0.2911247727432826 1.0 0.6244755448887451 1.0 0.3989960514984765 1.0 0.7864280424610445 1.0 0.16688858349082702 1.0 0.8526675938109308 1.0 0.9997337228342158 1.0 0.5099752012003941 1.0 0.24305316275032646 1.0 0.7650465396270927 1.0 0.5596572283632305 1.0 0.4023683151989257 1.0 0.3502589118594779 1.0 0.39430116449906505 1.0 0.6708969775099561 1.0 0.6707524711511756 1.0 0.24672222349526238 1.0 0.1311805127339931 1.0 0.7218009547014628 1.0 0.7451185363458501 1.0 0.7029607383302667 1.0 0.9397562678170552 1.0 0.5408632096401219 1.0 0.1262941771090738 1.0 0.5909021618019945 1.0 0.7768519967505022 1.0 0.727151048473161 1.0 0.40866971580932565 1.0 0.6197484383998214 1.0 0.7160349193212896 1.0 0.1820886502659806 1.0 0.44586905831165935 1.0 0.9684176511499837 1.0 0.8493862244215522 1.0 0.3779018994120338 1.0 0.7110192047907925 1.0 0.3668108241044048 1.0 0.428658138717694 1.0 0.47886684719338657 1.0 0.715659108707595 1.0 0.21074698600059458 1.0 0.8120810211291775 1.0 0.6737084628981174 1.0 0.5715683129338343 1.0 0.8223607643426136 1.0 0.5731947466742017 1.0 0.5888310774030551 1.0 0.2363725741463349 1.0 0.6961782960827475 1.0 0.671306978355117 1.0 0.9084148262064177 1.0 0.47328855902290257 1.0 0.24987806542868915 1.0 0.2829858704150029 1.0 0.2903715946401378 1.0 0.8838711756730842 1.0 0.35817089730279195 1.0 0.14645108088816003
110.19133511115632 0.852781069516894 1.0 0.7960360156421001 1.0 0.6726538078957218 1.0 0.43031042064653835 1.0 0.8644644212581504 1.0 0.9853057241406383 1.0 0.4637284472056301 1.0 0.8869958617295814 1.0 0.8117870909126169 1.0 0.4793948657014361 1.0 0.43121288159724414 1.0 0.27088057581375385 1.0 0.6183436568826618 1.0 0.3837265240028771 1.0 0.9398329356468067 1.0 0.1756724790073606 1.0 0.5915448337275488 1.0 0.5374221731741963 1.0 0.5849109666202367 1.0 0.8999813916944766 1.0 0.16294712386699298 1.0 0.3892724297785942 1.0 0.8827793022509903 1.0 0.42800128606494237 1.0 0.606348530713572 1.0 0.5379093159591678 1.0 0.15375766492757567 1.0 0.12398047281949248 1.0 0.16575354026536504 1.0 0.26907023865937546 1.0 0.16805109861362275 1.0 0.7485188965538451 1.0 0.2344928657278546 1.0 0.45445281251039704 1.0 0.12039148784223241 1.0 0.44607355890774236 1.0 0.24175309113851096 1.0 0.4776577664688403 1.0 0.44265035838912814 1.0 0.37641359326973056 1.0 0.727279648078558 1.0 0.907296078942393 1.0 0.967774448290842 1.0 0.2913364724669141 1.0 0.5781974329912896 1.0 0.12433439660027377 1.0 0.6002516525937294 1.0 0.22513201706951375 1.0 0.528688147261856 1.0 0.3634606703706347
139.31841403641636 0.5787614721800606 1.0 0.47338348984667256 1.0 0.9476804740049377 1.0 0.3538231960045852 1.0 0.9115623741111241 1.0 0.16011353042193133 1.0 0.9372325127247451 1.0 0.7900731589793285 1.0 0.9011736482287018 1.0 0.7861452555036842 1.0 0.9044591595451524 1.0 0.5025695505747733 1.0 0.12858965520828777 1.0 0.5830624603311128 1.0 0.38107317106211647 1.0 0.6315391424073915 1.0 0.4746189511192278 1.0 0.5634835534711031 1.0 0.10876401758504099 1.0 0.6710866427583443 1.0 0.4659781915477209 1.0 0.21539661057747206 1.0 0.4684692842087025 1.0 0.27339673434353357 1.0 0.5034751987084326 1.0 0.7142238564798371 1.0 0.9727008705121877 1.0 0.522940308835512 1.0 0.9560436979448108 1.0 0.3456739900949034 1.0 0.6303062048973145 1.0 0.9528200942475509 1.0 0.36144458176529526 1.0 0.39003012702836404 1.0 0.2591442015289147 1.0 0.9341860963052047 1.0 0.6836078481363599 1.0 0.16009561614802242 1.0 0.2016509088501448 1.0 0.20508745799927303 1.0 0.6102402646359232 1.0 0.4764038917760939 1.0 0.2683798578787573 1.0 0.6223128734292109 1.0 0.1619625356920221 1.0 0.5284828370841967 1.0 0.29126501271640426 1.0 0.41357334327704853 1.0 0.1754208379605952 1.0 0.3895810694474581 1.0 0.7934200008271474 1.0 0.16234251719177195 1.0 0.3702777224078264 1.0 0.4005351621264054 1.0 0.3477315714171527 1.0 0.24331481893362417 1.0 0.3061092662980567 1.0 0.21149204600092558
151.56579862941567 0.21972442020024108 1.0 0.7753203281139791 1.0 0.9820389343388696 1.0 0.5707389598184468 1.0 0.7217556002506913 1.0 0.19084083715128608 1.0 0.1570599772609262 1.0 0.10396377444402799 1.0 0.4634752632032705 1.0 0.3298687483176463 1.0 0.8789793762193719 1.0 0.9053761726037964 1.0 0.19489215384348402 1.0 0.971038675980871 1.0 0.11396339626301426 1.0 0.4833245417103439 1.0 0.30322527716441805 1.0 0.20688793588944426 1.0 0.8054203183957698 1.0 0.5650287887175712 1.0 0.8715004431538088 1.0 0.5159132499133331 1.0 0.2917924766287142 1.0 0.9333142813685754 1.0 0.2544647285954126 1.0 0.19567255535801054 1.0 0.30088970685376915 1.0 0.4802888193486935 1.0 0.710009620489159 1.0 0.26163502639371866 1.0 0.9703174469735156 1.0 0.636384444347293 1.0 0.1643106973207209 1.0 0.34232562415772 1.0 0.25435863387638563 1.0 0.6947327781394115 1.0 0.6803074564564047 1.0 0.3807966143523984 1.0 0.9440766145533112 1.0 0.23041729737298972 1.0 0.5951151610047208 1.0 0.3929176210450064 1.0 0.2237326994194615 1.0 0.26078062781690653 1.0 0.4652806374807851 1.0 0.7512241984835181 1.0 0.7365601769728543 1.0 0.1759916375237951 1.0 0.7860675100556495 1.0 0.218233610895216 1.0 0.5092817136630764 1.0 0.6375931585134729
153.61003988110735 0.6572913674181314 1.0 0.2576530177715201 1.0 0.24081790970645134 1.0 0.36467382945988347 1.0 0.7805180699285748 1.0 0.5406350529305809 1.0 0.34156722974189535 1.0 0.7045666118576367 1.0 0.8299337277069628 1.0 0.8694340116444876 1.0 0.44437857746042086 1.0 0.7980718048757856 1.0 0.3217109926941042 1.0 0.30616121491854414 1.0 0.6977428081865102 1.0 0.19879705442865375 1.0 0.8487782222471351 1.0 0.6644938803224281 1.0 0.5925555813578196 1.0 0.2606924188931249 1.0 0.4623403650799708 1.0 0.9534228427114753 1.0 0.23669213419659166 1.0 0.47463034764937373 1.0 0.6342685897973179 1.0 0.625713875322069 1.0 0.7478375836614904 1.0 0.11021308498566418 1.0 0.27422909826767994 1.0 0.5360846419989778 1.0 0.8444625947382972 1.0 0.17016310936470314 1.0 0.40584287920023476 1.0 0.38716105602088724 1.0 0.2536456387418863 1.0 0.9169759332687756 1.0 0.8648599101864107 1.0 0.5055087605545262 1.0 0.4387499562615641 1.0 0.7204235464782273 1.0 0.23275055243937073 1.0 0.5818042691612684 1.0 0.8439716229443641 1.0 0.9869769371451119 1.0 0.24929748160053333 1.0 0.3001041827050251 1.0 0.5916134949405814 1.0 0.6868381815189274 1.0 0.9410769526602236 1.0 0.8074690483774793 1.0 0.9608296444506307 1.0 0.3924615303498483 1.0 0.6856252446197166 1.0 0.8243552952788921
154.960373303942 0.8905299931252276 1.0 0.1871329660468693 1.0 0.14509376993940798 1.0 0.7635696639215064 1.0 0.9017859580851444 1.0 0.33529404760642834 1.0 0.931369121416946 1.0 0.10284630878668688 1.0 0.523648273526376 1.0 0.9477998011503134 1.0 0.8837071886441418 1.0 0.9166089861016192 1.0 0.3013090542750952 1.0 0.5856227899616281 1.0 0.6730063969596929 1.0 0.7771275890501307 1.0 0.2547424290025846 1.0 0.8274097377653598 1.0 0.259497006801978 1.0 0.4672503299651949 1.0 0.40076222861031086 1.0 0.7916351881527512 1.0 0.7238964690005415 1.0 0.47896662347654595 1.0 0.550705734385536 1.0 0.6799358410671736 1.0 0.37066437035759314 1.0 0.3762410610621142 1.0 0.5877954938005114 1.0 0.44368248773690533 1.0 0.5079410772709583 1.0 0.572145801907407 1.0 0.34876750496887315 1.0 0.23566474957150474 1.0 0.4547880713760315 1.0 0.15726421771430105 1.0 0.2723093956816858 1.0 0.6568250429323914 1.0 0.392269253070459 1.0 0.20599681181390606 1.0 0.4892280114752635 1.0 0.4873967154139611 1.0 0.1591718126278184 1.0 0.5340583088460046 1.0 0.13714217820191446 1.0 0.8594613646116886 1.0 0.37973100907826995 1.0 0.369972771412298 1.0 0.2447262921032317 1.0 0.8541783473392701 1.0 0.5030893729041207 1.0 0.21059265841189578 1.0 0.4855174031163164 1.0 0.7303668447823503 1.0 0.9150634849391932 1.0 0.8826275508501326 1.0 0.5761631812437814 1.0 0.4326467905782281 1.0 0.5925166430260997 1.0 0.5304192070289998 1.0 0.2665350460008101
164.1005206113273 0.6801936081023968 1.0 0.8599100230767336 1.0 0.33388548090993214 1.0 0.38299720806044224 1.0 0.6111158652666104 1.0 0.48359424002514706 1.0 0.5012056472811052 1.0 0.138520340231538 1.0 0.5832017576980596 1.0 0.3953470896608844 1.0 0.5258063396990778 1.0 0.21344818454079237 1.0 0.7861887814092587 1.0 0.2298987202377884 1.0 0.4110081357086457 1.0 0.125449161777438 1.0 0.8889006575222146 1.0 0.5692020116899609 1.0 0.8085807779390819 1.0 0.3601966468837198 1.0 0.5328489987875252 1.0 0.6036499655369969 1.0 0.4617764698676472 1.0 0.35070785283286154 1.0 0.264256706471455 1.0 0.7454823196966645 1.0 0.4759623510933215 1.0 0.12737194545107758 1.0 0.27471451509175926 1.0 0.6805600208070706 1.0 0.8976990444963266 1.0 0.16159801447778355 1.0 0.324074708198935 1.0 0.27704022350902524 1.0 0.890411206352311 1.0 0.961454759818623 1.0 0.2315544558450836 1.0 0.3908478717109597 1.0 0.4494469133844159 1.0 0.38503887292333694 1.0 0.6908704784566606 1.0 0.2520616578594792 1.0 0.6965134431034367 1.0 0.9421088879893283 1.0 0.587709741278236 1.0 0.2568656521694106 1.0 0.24439041633493083 1.0 0.9679669550604793 1.0 0.81779532825348 1.0 0.7976299399657607 1.0 0.6812878543473749 1.0 0.9486811639034197 1.0 0.1429620286122011 1.0 0.1444121200585362 1.0 0.9966103664502804 1.0 0.7044708892389534
165.02878894103506 0.26373476313348093 1.0 0.7976478677636042 1.0 0.2998758993387239 1.0 0.4679692177767423 1.0 0.6391712285695548 1.0 0.941257774793236 1.0 0.1840061440318833 1.0 0.7025952346680954 1.0 0.7760653706555932 1.0 0.9686627592031656 1.0 0.8380300211454187 1.0 0.8989806526823882 1.0 0.6504669122601828 1.0 0.3685774111765433 1.0 0.6852525068046452 1.0 0.8222718805898869 1.0 0.9962594283637706 1.0 0.8067302186838894 1.0 0.9041193463815439 1.0 0.9807914687630694 1.0 0.4145844077194638 1.0 0.9187943634103803 1.0 0.4328318362279082 1.0 0.9838178255411166 1.0 0.6558153181183513 1.0 0.3531034146446642 1.0 0.8572207160021958 1.0 0.4510346302975039 1.0 0.9487467356103838 1.0 0.6604996952299428 1.0 0.9345075828427306 1.0 0.20484060821635808 1.0 0.8789649160886168 1.0 0.6122829949031695 1.0 0.5119247397775268 1.0 0.1267811730409101 1.0 0.8405880983583804 1.0 0.8586691700811266 1.0 0.21200229813358545 1.0 0.3365494412165702 1.0 0.4042832682813968 1.0 0.10054590207498439 1.0 0.5062123563157439 1.0 0.835029613748975 1.0 0.9325125902783291 1.0 0.7123182060215805 1.0 0.8019295920611582 1.0 0.32438300744854887 1.0 0.9854117277670864 1.0 0.8878182418285772 1.0 0.7660971167778023 1.0 0.1039938554002708 1.0 0.9629615980796432 1.0 0.7316919860890325 1.0 0.6130187613877092 1.0 0.5678255098980036 1.0 0.719214190007485 1.0 0.9143937598270566 1.0 0.6767096273736846
179.09019594790482 0.21891549216663803 1.0 0.4835396448545666 1.0 0.4716971585485289 1.0 0.8765027052293967 1.0 0.6693913658655463 1.0 0.6795576996391597 1.0 0.8662350938353719 1.0 0.7314783873665536 1.0 0.69221922298228 1.0 0.9288722528476302 1.0 0.33752620711658354 1.0 0.6924410384739159 1.0 0.949494680587077 1.0 0.7370904863487483 1.0 0.1993142200012251 1.0 0.9507506924870582 1.0 0.3127885512046964 1.0 0.9054818421194804 1.0 0.24692425147186925 1.0 0.1487921453732004 1.0 0.2768231377852656 1.0 0.38595818801920756 1.0 0.7085868747855457 1.0 0.9954762709482419 1.0 0.2563624041599406 1.0 0.4079858390025368 1.0 0.9206056427067913 1.0 0.3241033767366744 1.0 0.11733577743465762 1.0 0.7307370420745115 1.0 0.1228346187131892 1.0 0.6185296935266531 1.0 0.6750577515558931 1.0 0.2701849185789702 1.0 0.6671244151932608 1.0 0.3192971129962056 1.0 0.9619541031988671 1.0 0.16620447886397974 1.0 0.7189745368854931 1.0 0.4958724105373489 1.0 0.7581934416818327 1.0 0.3102002728323267 1.0 0.2675067282770577 1.0 0.31855534954524223 1.0 0.5746560470945157 1.0 0.5243915650602438 1.0 0.9250944328837561 1.0 0.20752415194786328 1.0 0.5257662102898087 1.0 0.19394643833735026 1.0 0.7694484366743611 1.0 0.2705160255270177 1.0 0.828448042728247 1.0 0.6306774344504247 1.0 0.19381441480973105 1.0 0.7189583085385362
199.72382185799955 0.8381599910276076 1.0 0.2738621777082768 1.0 0.5381074154113472 1.0 0.5168239520711351 1.0 0.5050558329080285 1.0 0.5367246203500418 1.0 0.4169736208562894 1.0 0.6691264635505797 1.0 0.1518382491320224 1.0 0.8391794760116573 1.0 0.33135552214194347 1.0 0.16565068771779345 1.0 0.26118149080636677 1.0 0.33232077823123035 1.0 0.4846251055246863 1.0 0.7605944762800224 1.0 0.547061711087832 1.0 0.696269959488349 1.0 0.5851913757861302 1.0 0.549087751112488 1.0 0.43936638691534813 1.0 0.20357750329776608 1.0 0.35579758102852543 1.0 0.8154568423389603 1.0 0.17837668950770041 1.0 0.9904437857474533 1.0 0.4354295988138306 1.0 0.2089805623748796 1.0 0.781080260493289 1.0 0.508249049758998 1.0 0.4809404950850732 1.0 0.9492546388254332 1.0 0.5567558742437136 1.0 0.4750093219219611 1.0 0.5063529949837681 1.0 0.21334548262706887 1.0 0.9899305435257454 1.0 0.16835288333412418 1.0 0.3727370574413681 1.0 0.5436653110987665 1.0 0.44839204832354373 1.0 0.8173621154665417 1.0 0.8894978702848331 1.0 0.9147098716700566 1.0 0.7869577271499542
200.26288802812064 0.48081344755281585 1.0 0.9818306640316568 1.0 0.606488131963673 1.0 0.846865191195411 1.0 0.4546312002368642 1.0 0.28302669837163896 1.0 0.2617885339703865 1.0 0.7676376360223369 1.0 0.2586466392497925 1.0 0.2709793912954065 1.0 0.7861625448348804 1.0 0.9590332495719975 1.0 0.33977004948200124 1.0 0.5651690865384419 1.0 0.5473951948922674 1.0 0.7555818191082458 1.0 0.7324173582371379 1.0 0.3633961238509926 1.0 0.6429829034682775 1.0 0.6538378246357898 1.0 0.3826922206166764 1.0 0.8146202010434601 1.0 0.6340651277716677 1.0 0.2772068862380802 1.0 0.1947397767653396 1.0 0.33978611058319486 1.0 0.9849826906387091 1.0 0.2693341944855905 1.0 0.7412166753172614 1.0 0.578687910616427 1.0 0.4684276264721211 1.0 0.9074473425240894 1.0 0.176670851458618 1.0 0.8751696633050711 1.0 0.3122296462143481 1.0 0.5461197070391485 1.0 0.2707509509106094 1.0 0.5100450166498762 1.0 0.9047234389115353 1.0 0.602830743224867 1.0 0.9472471683932402 1.0 0.2983381390368755 1.0 0.28060829018369443 1.0 0.4126291051738499 1.0 0.6678880763711417 1.0 0.13855273354492936 1.0 0.26594207925314417 1.0 0.34709154724867763 1.0 0.3015625391779622
224.88012869001835 0.1782165584824411 1.0 0.5986912390072009 1.0 0.3713539181654324 1.0 0.5123763849496862 1.0 0.5328495367585754 1.0 0.13739359324304368 1.0 0.9872245046614156 1.0 0.5404491388631749 1.0 0.7003979754028326 1.0 0.33585976762002706 1.0 0.47932925652240255 1.0 0.10727964893018442 1.0 0.18943458106390998 1.0 0.5307831431734611 1.0 0.456427613372658 1.0 0.6097913721526066 1.0 0.15950302792772267 1.0 0.16087503503261263 1.0 0.8727952759204756 1.0 0.5293199738684616 1.0 0.5180268589641523 1.0 0.6916574272951577 1.0 0.667781600910751 1.0 0.14410683259676332 1.0 0.5503874745218232 1.0 0.9272244986203375 1.0 0.258939368567934 1.0 0.41785008358535214 1.0 0.5977012150516341 1.0 0.9912099941051066 1.0 0.28244357012420307 1.0 0.9309053286537323 1.0 0.4005282772575146 1.0 0.49155656296245076 1.0 0.4894086236028856 1.0 0.45081950644078184 1.0 0.8575225394978864 1.0 0.8193477777498148 1.0 0.3247412237672347 1.0 0.890778846603505 1.0 0.6605204912544933 1.0 0.3878293350862535 1.0 0.6883798443353009 1.0 0.4868717995656364 1.0 0.6828981962915968 1.0 0.9740972621759071 1.0 0.32793559799399186 1.0 0.6769307225781435 1.0 0.615528715293041 1.0 0.8448632962262466
229.44571694473515 0.312976532508366 1.0 0.44217663150073483 1.0 0.8910360180503386 1.0 0.1870215202144327 1.0 0.9579654897697142 1.0 0.28985080704773036 1.0 0.12464025600278983 1.0 0.3229082865957834 1.0 0.2765146997860974 1.0 0.5131538188531524 1.0 0.50149409358705 1.0 0.30137615988586286 1.0 0.6273744501056758 1.0 0.8577031537844569 1.0 0.5857208274489089 1.0 0.7827387678052 1.0 0.8272786465178378 1.0 0.7687829773240736 1.0 0.5208743366149411 1.0 0.7045855325953689 1.0 0.12219897110498387 1.0 0.3520137699914695 1.0 0.838277583370232 1.0 0.613865598823936 1.0 0.6376917685863255 1.0 0.3303278393424376 1.0 0.6231518454437537 1.0 0.16439184779069332 1.0 0.11208848234804757 1.0 0.8923825815742681 1.0 0.9384489016814362 1.0 0.1618619647868809 1.0 0.5665234245720379 1.0 0.7279226476317079 1.0 0.3757084494607824 1.0 0.5017759324890795 1.0 0.6408315240514278 1.0 0.5351333538573083 1.0 0.3802077750523528 1.0 0.6327593737587042 1.0 0.11667290523678164 1.0 0.24422354326881685 1.0 0.40634257180075006 1.0 0.5045654577331666 1.0 0.6276008347488805 1.0 0.3216661192729521 1.0 0.37667838818737875 1.0 0.298746548612043 1.0 0.28364804023571644 1.0 0.6257348376266454 1.0 0.1095628350038059
258.62329990301384 0.44542931629884086 1.0 0.26219738193055603 1.0 0.8463063432297142 1.0 0.5376241423725728 1.0 0.22553012392855207 1.0 0.6397989576683487 1.0 0.267597881726113 1.0 0.8680515708083838 1.0 0.45076171664984543 1.0 0.7244667795274458 1.0 0.8337065125562999 1.0 0.7912617100282022 1.0 0.34553580016362484 1.0 0.8955068963189322 1.0 0.22852293093237136 1.0 0.30585934208731 1.0 0.3834533560095137 1.0 0.3116884058756898 1.0 0.29302929366768715 1.0 0.19222874877508495 1.0 0.8251015950000175 1.0 0.6559770896010274 1.0 0.2598675923979439 1.0 0.7356600041677426 1.0 0.5881115497708789 1.0 0.7175625599296747 1.0 0.4902566231309038 1.0 0.85258784450143 1.0 0.2694269615448629 1.0 0.8137468955162371 1.0 0.9765786936591684 1.0 0.7270826435840845 1.0 0.6401417625603202 1.0 0.607066751451289 1.0 0.813490561956494 1.0 0.2701927982911517 1.0 0.5818553106451121 1.0 0.9821017024070754 1.0 0.59794356084357 1.0 0.3796549171393311 1.0 0.7554195566829524 1.0 0.41695852041251813 1.0 0.3135631137446203 1.0 0.247421822461739 1.0 0.8496989973774276 1.0 0.26142407839403226 1.0 0.8620064472159832 1.0 0.46632908822501673 1.0 0.31704783874168296 1.0 0.29070921754255125 1.0 0.9099201317656921 1.0 0.8141416526836548 1.0 0.8944184785499004
272.9306287677047 0.6998090702472529 1.0 0.38674830769470203 1.0 0.9912609372127442 1.0 0.1028298579317451 1.0 0.3184558661161754 1.0 0.8749772240788556 1.0 0.14613178925968287 1.0 0.3087599129388051 1.0 0.7277918198127493 1.0 0.9651878140416785 1.0 0.9317096506516731 1.0 0.18437972220898505 1.0 0.92679441666066 1.0 0.8230342370930741 1.0 0.9558468351663478 1.0 0.2855845121549998 1.0 0.7301161727707732 1.0 0.3926914325448736 1.0 0.4223675135026973 1.0 0.6814769319236452 1.0 0.7190367601118227 1.0 0.10380599131334856 1.0 0.2517691018467034 1.0 0.12485227463580634 1.0 0.10357517077947351 1.0 0.3789258361190141 1.0 0.39731744212658127 1.0 0.8245576115932658 1.0 0.26904785025212385 1.0 0.7060811263802375 1.0 0.7437477881392889 1.0 0.1370333423990892 1.0 0.5708263733455712 1.0 0.9325797019937315 1.0 0.8733586957590502 1.0 0.911784328115978 1.0 0.2476194298111719 1.0 0.6764567441853678 1.0 0.8911129077997479 1.0 0.928103925429201 1.0 0.1670042183137446 1.0 0.36645736812542495 1.0 0.7038558921304127
282.28672797522125 0.9645390819102695 1.0 0.49920438325967065 1.0 0.43271085481815974 1.0 0.2432355471652995 1.0 0.913219386360187 1.0 0.3123318526241934 1.0 0.23701981913817446 1.0 0.8169709411769098 1.0 0.19878113422436608 1.0 0.27858338849478625 1.0 0.212848157706285 1.0 0.24757086802959644 1.0 0.3656998740465981 1.0 0.711952963357795 1.0 0.5111201257665391 1.0 0.8028667160323771 1.0 0.4066527975140245 1.0 0.8630261626840744 1.0 0.2601301040373961 1.0 0.9864227416831177 1.0 0.1805793059481861 1.0 0.6386485888117432 1.0 0.7635280960096911 1.0 0.7802319657493231 1.0 0.399154341424391 1.0 0.658015803796546 1.0 0.23192144977427787 1.0 0.764340861159929 1.0 0.21931492369757022 1.0 0.1820796571338104 1.0 0.7282815424740794 1.0 0.3989122381753232 1.0 0.8319667579449158 1.0 0.5301817963009149 1.0 0.8436691034398032 1.0 0.14284696589557325 1.0 0.5619610288209123 1.0 0.8780092624946572 1.0 0.5842845310320426 1.0 0.30506952590000896 1.0 0.7141397817668684 1.0 0.21809992394149263 1.0 0.8606882837955507 1.0 0.2134741130120732 1.0 0.8643848050878141 1.0 0.26672673943529135 1.0 0.7272537710318382 1.0 0.7742401115923087 1.0 0.6080115969105049 1.0 0.47293191073948415 1.0 0.5045764174015028
284.2012045330085 0.42244887594848435 1.0 0.44205098595295733 1.0 0.5570893782231292 1.0 0.8823883813550613 1.0 0.7899814364424687 1.0 0.31733365416260073 1.0 0.845408319600897 1.0 0.46248027007055303 1.0 0.6987039692022196 1.0 0.6595377673634164 1.0 0.8868110983024494 1.0 0.5863476377531207 1.0 0.9643225964174824 1.0 0.11277709166771739 1.0 0.6033888222580753 1.0 0.31052039863393366 1.0 0.2610068354019317 1.0 0.5053359367665808 1.0 0.40954945821416566 1.0 0.5342446099523087 1.0 0.6779713588766773 1.0 0.9306900505424498 1.0 0.4845798271546131 1.0 0.9288915487427303 1.0 0.5968137233976692 1.0 0.6607540385999182 1.0 0.320200611007645 1.0 0.36426588147668093 1.0 0.6615649012024973 1.0 0.3563976847389082 1.0 0.3143792995054449 1.0 0.5187352115016944 1.0 0.6402722251554188 1.0 0.4712337942025999 1.0 0.582420465781129 1.0 0.21875969147996213 1.0 0.20848944186486001 1.0 0.11733492397022909 1.0 0.9797297184394017 1.0 0.7100111790034135 1.0 0.40820739526262606 1.0 0.7090049955978623 1.0 0.11074009376875998 1.0 0.5477378176167106 1.0 0.6770579116081327 1.0 0.43623765775478296 1.0 0.9920998919200358 1.0 0.7696620471516209 1.0 0.4308415639370714 1.0 0.7263966705834112 1.0 0.972317452628865 1.0 0.20153717666160118 1.0 0.8833040479330521 1.0 0.17870005111169496 1.0 0.6753753509810002 1.0 0.7525153498541959 1.0 0.42317565643745514 1.0 0.37829631725288393 1.0 0.25136191386751977 1.0 0.6563368672410923 1.0 0.7993342869591464 1.0 0.877527456818142 1.0 0.4258895705841631 1.0 0.1651748055107774
334.290772707721 0.150330254899409 1.0 0.7161106130249737 1.0 0.9697980940988233 1.0 0.7846621139487135 1.0 0.983847979687939 1.0 0.95669750737827 1.0 0.9401565969514166 1.0 0.9477618562000505 1.0 0.12121391196791277 1.0 0.993895495022258 1.0 0.9493327763259299 1.0 0.5757149335284026 1.0 0.9478171128225701 1.0 0.380664190551658 1.0 0.655049591744763 1.0 0.39198217460635054 1.0 0.9549411979838903 1.0 0.7867254327587033 1.0 0.8686578589871117 1.0 0.8673296422000155 1.0 0.8884227230293188 1.0 0.24714793698388726 1.0 0.7041984911648252 1.0 0.9284613608744383 1.0 0.505153219166 1.0 0.7945063675713774 1.0 0.16514664517170569 1.0 0.7921011354482967 1.0 0.9126268768675261 1.0 0.5982090464930835 1.0 0.2467558102985118 1.0 0.21976710404578526 1.0 0.7945728863140084 1.0 0.4131596773922468 1.0 0.3996613863064904 1.0 0.44470039353808966 1.0 0.5767969368697003 1.0 0.23434741494752878 1.0 0.6736776192605217 1.0 0.41319022006164474
356.119768134468 0.2751988843616062 1.0 0.34365449835382483 1.0 0.8087785295706974 1.0 0.37256368654566685 1.0 0.7814810277033064 1.0 0.8859013414864093 1.0 0.8970804979343765 1.0 0.28050179171446216 1.0 0.6811450679407874 1.0 0.694719408638732 1.0 0.13717233883739488 1.0 0.7631845774461177 1.0 0.22006929920470514 1.0 0.17510970188463007 1.0 0.8269642119925733 1.0 0.5592311170121116 1.0 0.24972514519657843 1.0 0.1889961760532436 1.0 0.42107156939212476 1.0 0.9913128368774072 1.0 0.7828390984323518 1.0 0.8728420316858932 1.0 0.8121411438616981 1.0 0.13388184571292805 1.0 0.29074472598855516 1.0 0.7270272622095002 1.0 0.11632554188066697 1.0 0.6170762838354633 1.0 0.4245631851584556 1.0 0.9429499666514413 1.0 0.4530989528824042 1.0 0.7587140918327014 1.0 0.47218487497349393 1.0 0.5999386538653307 1.0 0.8290735379050804 1.0 0.2732777502806446 1.0 0.774551125420602 1.0 0.5002603707216468 1.0 0.8227686813836909 1.0 0.8046715495108033 1.0 0.5469701586054666 1.0 0.3806222961838953 1.0 0.730295428163777 1.0 0.7670520266387717 1.0 0.6496711619792418 1.0 0.9528835400331568 1.0 0.8420853038979208 1.0 0.7872295095859171 1.0 0.9296624834392742 1.0 0.6387802362047746 1.0 0.8764644464542365 1.0 0.5403622888310503 1.0 0.5768974782104126 1.0 0.7873290805165517 1.0 0.7989189977294868
358.5529584515419 0.6182866897787201 1.0 0.7343145390220626 1.0 0.930604826793028 1.0 0.148646237545131 1.0 0.22136094326170444 1.0 0.9004761414781227 1.0 0.957867443456623 1.0 0.4493100949903094 1.0 0.31297522040424486 1.0 0.12425389129341019 1.0 0.8829868101480352 1.0 0.48095000458515846 1.0 0.5899269463217075 1.0 0.39394666736878914 1.0 0.9241060896581113 1.0 0.5830723248991329 1.0 0.6768346315949094 1.0 0.7683048302895918 1.0 0.4403703790975644 1.0 0.2834462117941497 1.0 0.5547428478219679 1.0 0.8156054065397337 1.0 0.5472866548765499 1.0 0.7197764039292973 1.0 0.34234081195209537 1.0 0.3874929022795408 1.0 0.8801589002298331 1.0 0.4837552751380043 1.0 0.8766933083985484 1.0 0.573485708706098 1.0 0.2968447708076022 1.0 0.1525573961937834 1.0 0.3876981794388785 1.0 0.11322720389455038 1.0 0.6277181792379649 1.0 0.5730247573589177 1.0 0.1602523183421556 1.0 0.9600695762702848 1.0 0.5804004089971788 1.0 0.3422818162166511 1.0 0.8419912441354906 1.0 0.19611682630933386 1.0 0.29336348611333585 1.0 0.5474132085423231 1.0 0.6171194925716287 1.0 0.49881035563494613 1.0 0.6092188172287354 1.0 0.3633286424533583 1.0 0.4003472816445336 1.0 0.9418426682433743
364.8987301693284 0.21926614772787362 1.0 0.5421350956203491 1.0 0.9756056552307494 1.0 0.824157080734173 1.0 0.7535903670900472 1.0 0.18653061302201498 1.0 0.5615213740922314 1.0 0.8084633879785492 1.0 0.17077944284080637 1.0 0.8377053045514603 1.0 0.7426353775117943 1.0 0.11788583552078133 1.0 0.2599442146920529 1.0 0.7833568299341632 1.0 0.5538687764082667 1.0 0.49383841782922167 1.0 0.2475302224588985 1.0 0.6553314549144381 1.0 0.6920027600794061 1.0 0.13547704778645062 1.0 0.8227171117381508 1.0 0.7583657835459647 1.0 0.3989125273221431 1.0 0.8461894537915527 1.0 0.1426401594924726 1.0 0.37219259744364197 1.0 0.5185777088835637 1.0 0.1918456390905146 1.0 0.37736170416222625 1.0 0.21374550847080573 1.0 0.8675535314356573 1.0 0.7844862329132329 1.0 0.7386194870346849 1.0 0.4746889735150277 1.0 0.3085802114870475 1.0 0.2191213568298295 1.0 0.36767669161926175 1.0 0.6705097765311867 1.0 0.2217946392161993 1.0 0.6100982909756726 1.0 0.699352623737795 1.0 0.5085585242487612 1.0 0.5291929736520334 1.0 0.9803825249878739 1.0 0.595166849851591 1.0 0.1526597245204692 1.0 0.4798779340619459 1.0 0.35225926729579127 1.0 0.9879023696848663 1.0 0.9345781386552489 1.0 0.8005240013881985 1.0 0.513311933427841 1.0 0.2848952205694556 1.0 0.9140403791773843 1.0 0.6293957306161121 1.0 0.25297974923240624 1.0 0.43599997649039257 1.0 0.5662833773798648 1.0 0.392752590834457
370.47681390513617 0.5761830194374057 1.0 0.614088741573202 1.0 0.9046988655150473 1.0 0.4622932717547842 1.0 0.968802232727332 1.0 0.4492215148206803 1.0 0.3509930260014662 1.0 0.2733548470040513 1.0 0.668533057901789 1.0 0.5068189079862921 1.0 0.49687401768567385 1.0 0.6846996069574579 1.0 0.6184630800559175 1.0 0.9918911686856843 1.0 0.6674675718654987 1.0 0.11032944427006756 1.0 0.16814773859302234 1.0 0.9616375008031119 1.0 0.5356081742417677 1.0 0.22716384211320692 1.0 0.17106743529039897 1.0 0.9743669717206901 1.0 0.45206843592158996 1.0 0.7551095256529706 1.0 0.2671776910971094 1.0 0.9971400366644725 1.0 0.5801338655800419 1.0 0.5712251058100778 1.0 0.2882286549463244 1.0 0.3582837298508218 1.0 0.43026017967855545 1.0 0.6079749293716049 1.0 0.36545901585275564 1.0 0.875850820802414 1.0 0.5758090618764273 1.0 0.5371649960850154 1.0 0.266307007915911 1.0 0.5538468687646309 1.0 0.3681972569354369 1.0 0.4249280956545235 1.0 0.49708833849064327 1.0 0.5190078867184629 1.0 0.7663097211506856 1.0 0.2458492352118015 1.0 0.8669776969128753
377.5764150112508 0.8229826860705707 1.0 0.9766493782878986 1.0 0.1715962281266446 1.0 0.11400366640197472 1.0 0.36640266598072135 1.0 0.5520708775210288 1.0 0.3974595791959129 1.0 0.4035154753599446 1.0 0.12966614190076134 1.0 0.3598549846793918 1.0 0.9955948901702883 1.0 0.7211571951752769 1.0 0.7686423187383777 1.0 0.8869807093613307 1.0 0.6291347690080815 1.0 0.15722488127820192 1.0 0.26428833791568507 1.0 0.6868473610715987 1.0 0.7824756038604742 1.0 0.9519872746042308 1.0 0.11995466506116277 1.0 0.3958482440626171 1.0 0.7522953066789566 1.0 0.9595552649134781 1.0 0.7911178170646957 1.0 0.2443557006111212 1.0 0.9832964673574254 1.0 0.9686407881487542 1.0 0.9490948128355198 1.0 0.8907097172480791 1.0 0.32038678904356815 1.0 0.9978731552819716 1.0 0.4352431642003276 1.0 0.8582056283794435 1.0 0.6619166833482905 1.0 0.44458937167508805 1.0 0.4017075939752539 1.0 0.1813669882722533 1.0 0.136005551458025 1.0 0.39436827695641263 1.0 0.1963324436147772 1.0 0.25408994492956805 1.0 0.30639127317672504 1.0 0.26902877455898155 1.0 0.7838884272720775 1.0 0.3719417048814826 1.0 0.12148124744834427 1.0 0.9752283033905986 1.0 0.689734060249478 1.0 0.3627973171023344 1.0 0.7356845972857479 1.0 0.34647725016404 1.0 0.5557911316579582 1.0 0.9378224841672521
382.17683995017063 0.9347645179815813 1.0 0.5339398776529253 1.0 0.7432799462424972 1.0 0.7122248565752675 1.0 0.1649092677787975 1.0 0.344944280534939 1.0 0.3518938863240719 1.0 0.7610515052196808 1.0 0.9607727515674654 1.0 0.5401952098629005 1.0 0.5402595206029112 1.0 0.30754348307051504 1.0 0.6991586052310769 1.0 0.5886871285451468 1.0 0.9024760088643824 1.0 0.658060691895972 1.0 0.6488911414966033 1.0 0.9234416779246811 1.0 0.7260750768189408 1.0 0.8117162880514387 1.0 0.12680601914134518 1.0 0.32347720955078424 1.0 0.997742422641631 1.0 0.8524849020964518 1.0 0.6120083638049649 1.0 0.2865561608629682 1.0 0.9833676154257186 1.0 0.9133559029613705 1.0 0.8973153652986465 1.0 0.5244304727645551 1.0 0.6642610208565249 1.0 0.5572583448189546 1.0 0.9764639354019611 1.0 0.526586701520759 1.0 0.5760710160171957 1.0 0.5257606586943003 1.0 0.3607700994574988 1.0 0.464315730966406 1.0 0.17084977002044954 1.0 0.9457390835693426 1.0 0.3896349006918105 1.0 0.8470142333710511 1.0 0.9655733754581978 1.0 0.9066404521247253 1.0 0.3857807286045153 1.0 0.9516881699745166
382.31440827138533 0.40448307724661514 1.0 0.5454132265052871 1.0 0.7898723158194771 1.0 0.5014386473422557 1.0 0.6257907759956006 1.0 0.7224331047184867 1.0 0.7071683879282981 1.0 0.22688516788760543 1.0 0.3399432935976854 1.0 0.666387469554127 1.0 0.65179228700585 1.0 0.6717147334837185 1.0 0.9086988340521677 1.0 0.6012147997775502 1.0 0.16989831427546853 1.0 0.5033085833453019 1.0 0.2826883809144505 1.0 0.30645071381946654 1.0 0.22887792226789075 1.0 0.606724676731812 1.0 0.6201418094569 1.0 0.5590749750585333 1.0 0.7204992935810406 1.0 0.9451479557136693 1.0 0.199040880860628 1.0 0.6622492418420205 1.0 0.6441413286993907 1.0 0.49946292882468857 1.0 0.5546858399904147 1.0 0.6682662402113393 1.0 0.30255153660590633 1.0 0.6469671006135194 1.0 0.8027561846676005 1.0 0.2378880479530588 1.0 0.3909189891342111 1.0 0.509754217653792 1.0 0.39793804687922507
397.75273262966056 0.5523035236013026 1.0 0.2557354264397385 1.0 0.5479448089254089 1.0 0.5168182941407069 1.0 0.23583891514903038 1.0 0.6404056153949007 1.0 0.36543904306685915 1.0 0.5987815888025155 1.0 0.4619765260026215 1.0 0.6955833069332137 1.0 0.898014665085965 1.0 0.6414839220161409 1.0 0.8100433284119765 1.0 0.9539443804186761 1.0 0.4070695764937261 1.0 0.7314820316266276 1.0 0.6653211373368604 1.0 0.9298882582014072 1.0 0.1355237021803406 1.0 0.9466303588216114 1.0 0.703190046265503 1.0 0.7273667843551083 1.0 0.4689122362101563 1.0 0.5092545987698068 1.0 0.13164477474356798 1.0 0.3565741726963785 1.0 0.19756082453049884 1.0 0.12794095254200777 1.0 0.21340320734318147 1.0 0.8323933989143215 1.0 0.7821471565605367 1.0 0.9482632409133944 1.0 0.41841624825322976 1.0 0.44240168622497367 1.0 0.10876952899999011 1.0 0.6131091137466531 1.0 0.5129980198832091 1.0 0.3324066542432944 1.0 0.46293753459278275 1.0 0.8906167891429033 1.0 0.47641213428912543 1.0 0.8275050721437655 1.0 0.758517170483224 1.0 0.5931718155305233 1.0 0.686902043413058 1.0 0.8620961046572899 1.0 0.3266267219053054 1.0 0.2674524822730521 1.0 0.9947822612382323 1.0 0.6251549723455665 1.0 0.9529495115298454
401.03187374446003 0.3547216003646151 1.0 0.6802910135656777 1.0 0.5492156493369377 1.0 0.38168039685080923 1.0 0.29033124521119297 1.0 0.35111240956268697 1.0 0.4806613189348965 1.0 0.14659392690299436 1.0 0.713483597818883 1.0 0.3204439573776226 1.0 0.7575329726131329 1.0 0.5848877075530493 1.0 0.33105237540825716 1.0 0.5443368761627168 1.0 0.5703472381255582 1.0 0.3165685609158464 1.0 0.8709150867305981 1.0 0.5480441482405919 1.0 0.4765255092008721 1.0 0.6310597601420647 1.0 0.7084670930050205 1.0 0.20393073225888353 1.0 0.4270126172362916 1.0 0.5659714505439459 1.0 0.4823507656220234 1.0 0.17538302765098415 1.0 0.6076721611640828 1.0 0.9261293847374732 1.0 0.8833626552253452 1.0 0.8448535976099246 1.0 0.5427112004167858 1.0 0.8442584256957667 1.0 0.2488126940707102 1.0 0.3458426004081526 1.0 0.7848950683000673 1.0 0.9753183686543799 1.0 0.9876136002100032 1.0 0.30810797109112426 1.0 0.33686492581427063 1.0 0.4655828861459892 1.0 0.41740009538748357 1.0 0.8257813520381556 1.0 0.6434991438202121 1.0 0.9733252270198022 1.0 0.8597718807935195 1.0 0.8969718061509877 1.0 0.7281774330394336
402.5196034812371 0.7064090998789794 1.0 0.4485744946563859 1.0 0.19318180357374548 1.0 0.37074902703307133 1.0 0.6544683662476425 1.0 0.2025454370471515 1.0 0.8402229325821995 1.0 0.9351572809989618 1.0 0.6071347166051898 1.0 0.5564417021345763 1.0 0.9928472957447698 1.0 0.8164381181548455 1.0 0.5883488716425308 1.0 0.9013404626132753 1.0 0.5882675812108776 1.0 0.49651841265611796 1.0 0.7865645909752269 1.0 0.4830038996450393 1.0 0.27238507871426765 1.0 0.16388992632118266 1.0 0.3410205345229311 1.0 0.6725256807119709 1.0 0.472366599420162 1.0 0.8730591339884223 1.0 0.593788122019653 1.0 0.5095129524611887 1.0 0.7900390441682947 1.0 0.6422079108794236 1.0 0.9977260223191544 1.0 0.820647205130892 1.0 0.28131330663004694 1.0 0.6120402528133925 1.0 0.43302776078323413 1.0 0.16020932125310838 1.0 0.8505778788119662 1.0 0.16051498756062205 1.0 0.46052065573364265 1.0 0.17543509881689684 1.0 0.16127299463008962 1.0 0.20186506409826058 1.0 0.3013175598278153 1.0 0.7353402733884132 1.0 0.67065499261588 1.0 0.7435819815240121 1.0 0.42326846258195194 1.0 0.7988093429024373 1.0 0.725457959982315 1.0 0.12893333881697897 1.0 0.8072719075089647 1.0 0.8661378274532855 1.0 0.6050792817590008 1.0 0.7988028425588326
407.3836929601073 0.4367861229278469 1.0 0.7548074165927509 1.0 0.7032155360101295 1.0 0.969540781424076 1.0 0.247028801968021 1.0 0.288282971776915 1.0 0.7441859423715051 1.0 0.15272438368225397 1.0 0.5271057889044345 1.0 0.9486830612049824 1.0 0.7468104041080135 1.0 0.39171199717869 1.0 0.9365655700776501 1.0 0.11900952417391611 1.0 0.2949690872641231 1.0 0.4863411429188723 1.0 0.7148584780569703 1.0 0.923316538694996 1.0 0.17159397947575772 1.0 0.6134658283472383 1.0 0.9585635924582903 1.0 0.2526810539931416 1.0 0.92380153185054 1.0 0.261684136782887 1.0 0.4871975214424983 1.0 0.9153643851813339 1.0 0.6430093883770717 1.0 0.7173301297276501 1.0 0.3141167649590284 1.0 0.40112626515042804 1.0 0.23736018238669876 1.0 0.7284514662828872 1.0 0.8638962015405351 1.0 0.3489925063763013 1.0 0.9625038956391619 1.0 0.5278286293510043 1.0 0.45922408156706573 1.0 0.24311693436198273 1.0 0.7833063857910736 1.0 0.5452818413239955 1.0 0.7839822915756719 1.0 0.2789066081406473 1.0 0.8715764839413422 1.0 0.5327389428741484 1.0 0.443545884702759 1.0 0.24370207346486747 1.0 0.18897407277092726 1.0 0.10431796199087028 1.0 0.5117889838584538 1.0 0.8166874015673373 1.0 0.2890660649852735
424.75513596923764 0.9309455906517882 1.0 0.6838436999412874 1.0 0.5755075609609775 1.0 0.6838771254011022 1.0 0.4216364367904163 1.0 0.6387448804564172 1.0 0.3530364270431495 1.0 0.791484246477194 1.0 0.2442154669177624 1.0 0.150918046908439 1.0 0.3492591269853088 1.0 0.9970638025487228 1.0 0.4249445521674353 1.0 0.6061836947013447 1.0 0.9785785702320098 1.0 0.5878947926335424 1.0 0.9775780233087953 1.0 0.7391729852591881 1.0 0.30256249055380047 1.0 0.5701493080455836 1.0 0.3083517416482516 1.0 0.933234005544701 1.0 0.26486607855890254 1.0 0.38856462629615063 1.0 0.98697444503658 1.0 0.3349440242213882 1.0 0.2899865156210797 1.0 0.7967860015535114 1.0 0.5357065370443239 1.0 0.948377349933841 1.0 0.2935476498910149 1.0 0.8418364991687367 1.0 0.24571373138537522 1.0 0.7242259113620406 1.0 0.4986923142717383 1.0 0.21159894796457843 1.0 0.7401761260203549 1.0 0.5357125124226493 1.0 0.38609437767366395 1.0 0.3219857207461223 1.0 0.6715199384280822 1.0 0.3466789422870568 1.0 0.7589313070411293 1.0 0.14990158701944253 1.0 0.1587781545788794
427.22040753803 0.5967088970351071 1.0 0.5484643090442446 1.0 0.39990879414854963 1.0 0.8493341209899521 1.0 0.7714124551572878 1.0 0.8024016285694219 1.0 0.3316683237224617 1.0 0.4749435303259104 1.0 0.24819878499492004 1.0 0.2989488172263883 1.0 0.23683421308166017 1.0 0.18823566036927428 1.0 0.22713176089201734 1.0 0.2680552959757222 1.0 0.7373220968512876 1.0 0.5807161987776261 1.0 0.38404858526988017 1.0 0.2172439034602489 1.0 0.7116909372225196 1.0 0.38326092127488054 1.0 0.5378824583384868 1.0 0.12065267645456318 1.0 0.9682948457532049 1.0 0.9565268179614701 1.0 0.3122480440523534 1.0 0.8150927855498484 1.0 0.9632387811995147 1.0 0.34293551660871957 1.0 0.6573997036980166 1.0 0.12480111411976755 1.0 0.8436307483291788 1.0 0.24197488571145823 1.0 0.9293737076681817 1.0 0.7183141153174631 1.0 0.4944369310790694 1.0 0.6801147250847221 1.0 0.8137527442456177 1.0 0.5745106596575461 1.0 0.9810568903383824 1.0 0.9742766530978761 1.0 0.6735653922666412 1.0 0.5544992831264771 1.0 0.7581814816785185 1.0 0.7558176232812026 1.0 0.6049830924243804 1.0 0.6633355398282479 1.0 0.7795816401760288 1.0 0.9890044731484069 1.0 0.9047919905946783 1.0 0.7527281613712766 1.0 0.8027800293711433
430.0223446657298 0.4069423073958285 1.0 0.10318799455809638 1.0 0.5014483295385009 1.0 0.1738152415879546 1.0 0.277493304950586 1.0 0.16600383653332576 1.0 0.12990649618606143 1.0 0.4399331642785582 1.0 0.5062650652911427 1.0 0.31165254945752185 1.0 0.22622072548252253 1.0 0.6139642485447199 1.0 0.5558602749384152 1.0 0.3303524856176228 1.0 0.4431805108068234 1.0 0.9441614376909586 1.0 0.19636947818469838 1.0 0.6571190476728149 1.0 0.2667698740570363 1.0 0.8798992349300607 1.0 0.8792210978129138 1.0 0.2251423715879627 1.0 0.8692841461667699 1.0 0.31627903893340803 1.0 0.9009899161285797 1.0 0.6565193164001532 1.0 0.15262814174457764 1.0 0.5091317663031212 1.0 0.19077360938932056 1.0 0.7787183414176406 1.0 0.6870706232582157 1.0 0.7854447449453575 1.0 0.314213414168705 1.0 0.2652384385198619 1.0 0.5518127346513517 1.0 0.4518114426573169 1.0 0.2516630560251646 1.0 0.8052760986944286 1.0 0.5079479446193144 1.0 0.9020935468636672 1.0 0.925399449145571 1.0 0.5497708173760244 1.0 0.2807805218790222 1.0 0.45933198928309593 1.0 0.4679306188333676 1.0 0.5798076260841195 1.0 0.3025643505901991 1.0 0.2412040957979276 1.0 0.6173815493128655 1.0 0.3671551326206669
431.9805631252494 0.6353478592237962 1.0 0.9743488972129667 1.0 0.676203941166382 1.0 0.4523873578475427 1.0 0.9145318153205426 1.0 0.3971220515366316 1.0 0.9466944300539389 1.0 0.30442599435386386 1.0 0.8338127293350195 1.0 0.3767476657054467 1.0 0.9451518022337655 1.0 0.8094496115567092 1.0 0.43168804743710487 1.0 0.19889486777051324 1.0 0.8184050041885303 1.0 0.5946298731075252 1.0 0.9487707561440449 1.0 0.6375463421786871 1.0 0.969229127510573 1.0 0.21554956572225215 1.0 0.9895341880805614 1.0 0.902932484238782 1.0 0.38270486526289815 1.0 0.8608294771563113 1.0 0.18037202885936346 1.0 0.4520591047060135 1.0 0.10184145422756213 1.0 0.7082757557580879 1.0 0.2606132366759848 1.0 0.5021733381036841 1.0 0.8231166440218272 1.0 0.6568768612457093 1.0 0.9212694549611965 1.0 0.2955640063622975 1.0 0.9281691249934382 1.0 0.6706042435191458 1.0 0.5637657286650408 1.0 0.11903629783517694 1.0 0.159751257456708 1.0 0.6330654581303 1.0 0.9142158182201972 1.0 0.5070297318992273 1.0 0.6040188455497869 1.0 0.4733420725297768 1.0 0.5489107778337684 1.0 0.840881166475261 1.0 0.4201166758045043 1.0 0.7982480877678314 1.0 0.3585859388386914 1.0 0.9525335248721991 1.0 0.23320368085675283 1.0 0.4465009340312528 1.0 0.9730431833505314 1.0 0.8867264882380705 1.0 0.36636897474412045 1.0 0.5937000572159308 1.0 0.8391908194841629 1.0 0.779703655481548 1.0 0.8978174622435575 1.0 0.5706133404512141 1.0 0.8065285740979127 1.0 0.8478797533564081
439.16303123360706 0.47939269488579483 1.0 0.9358979821622274 1.0 0.4154813945119832 1.0 0.39242086012721566 1.0 0.1635467085357673 1.0 0.39824569228644524 1.0 0.9233090813254179 1.0 0.32480552782900607 1.0 0.3959856785378063 1.0 0.8974727306817338 1.0 0.9932756200699311 1.0 0.4840027324180438 1.0 0.43653129888690767 1.0 0.10264971810117379 1.0 0.286078056858043 1.0 0.7656413615749788 1.0 0.674678750686381 1.0 0.8185517820027431 1.0 0.5649143095881964 1.0 0.4753725678572399 1.0 0.9259254867060074 1.0 0.46417004375721693 1.0 0.6283548813689054 1.0 0.7965794574824182 1.0 0.6123665599465808 1.0 0.7527729209210475 1.0 0.641323792217155 1.0 0.22315421193559465 1.0 0.26798911120920177 1.0 0.2588987617673416 1.0 0.19974030582088187 1.0 0.19584929588343608 1.0 0.8269418930207444 1.0 0.4266935069148423 1.0 0.3800632006296919 1.0 0.3213150300767181 1.0 0.1726860963790433 1.0 0.6791865080443789 1.0 0.2312587177292715 1.0 0.7562653018621911 1.0 0.999780189858772 1.0 0.16066781280832013 1.0 0.5729258061259531 1.0 0.3201005486200003 1.0 0.8270409047066387 1.0 0.33733500339899636 1.0 0.2669134947734383 1.0 0.6610277220892943 1.0 0.6339849497940669 1.0 0.8086957591027109 1.0 0.5690302975246017 1.0 0.5719637887542516 1.0 0.45567681342700583 1.0 0.5648269587588534 1.0 0.3413096045068513 1.0 0.6325558690606752 1.0 0.28002749878460365 1.0 0.35549211980032014
457.78688596940674 0.45414298975614076 1.0 0.4657906569125726 1.0 0.8708536387106495 1.0 0.7252378059556943 1.0 0.9961501667170181 1.0 0.11194749987594937 1.0 0.30383951836416406 1.0 0.8679851720059639 1.0 0.38656124203156206 1.0 0.711992921409684 1.0 0.8290484045061298 1.0 0.5779453878615594 1.0 0.31772094535927753 1.0 0.7211016200302175 1.0 0.2427922835941335 1.0 0.399582865837957 1.0 0.5936389390003992 1.0 0.3105312214533762 1.0 0.48207051877775464 1.0 0.4179846684241655 1.0 0.5016883682244716 1.0 0.6099239776093848 1.0 0.5847288592717997 1.0 0.7278475699308601 1.0 0.14045781692617418 1.0 0.8085156981316973 1.0 0.6385244130670349 1.0 0.6731913800926458 1.0 0.9479532438619551 1.0 0.37762559383431393 1.0 0.1752307415210608 1.0 0.2565019324631724 1.0 0.20556347253450005 1.0 0.2048504468874352 1.0 0.71525466426653 1.0 0.2707335236583103 1.0 0.24718362003729383 1.0 0.8655075927727058 1.0 0.9774750134357457 1.0 0.3726698694542001 1.0 0.9832202805455702 1.0 0.46372007502264456 1.0 0.5006058291887767
480.27582475944865 0.7575940721993368 1.0 0.4245015051366401 1.0 0.9615021016093698 1.0 0.387161595002791 1.0 0.6866392428395374 1.0 0.29621743876724455 1.0 0.359846012478201 1.0 0.42940710166697227 1.0 0.14433229808611348 1.0 0.597074059840234 1.0 0.7379524233960805 1.0 0.7684268313738225 1.0 0.1410066932950945 1.0 0.4076911075285413 1.0 0.24598878542666958 1.0 0.3783286568479458 1.0 0.6438290728837192 1.0 0.20940629481957979 1.0 0.5320301963393882 1.0 0.6989251950426966 1.0 0.6669185763367234 1.0 0.46981857441308283 1.0 0.9111761202387103 1.0 0.3843244147008761 1.0 0.9293542040889858 1.0 0.7477214668497463 1.0 0.8189782536809069 1.0 0.9319229916479687 1.0 0.7402746447487069 1.0 0.20709603684913913 1.0 0.9492622763561384 1.0 0.5695915765941314 1.0 0.47028299305967913 1.0 0.6354210045873558 1.0 0.3525914158588449 1.0 0.46725219560650444 1.0 0.765269159936049 1.0 0.8504330385239388 1.0 0.8330936936925581 1.0 0.11702352197198206 1.0 0.9726018202097562 1.0 0.45965410776497806 1.0 0.8836487418515457 1.0 0.9875565796210272 1.0 0.2533964932895899 1.0 0.6930654009499153 1.0 0.7317365387212091 1.0 0.7807428144082083 1.0 0.7245935397613821 1.0 0.4657452500037865 1.0 0.807507357309115
488.33400040966666 0.49395233867955846 1.0 0.8842160590096971 1.0 0.6386993993994594 1.0 0.9205222378170702 1.0 0.8882400965253511 1.0 0.7881622456151673 1.0 0.14725971066397564 1.0 0.8332931871002923 1.0 0.47892292014834237 1.0 0.7291035552829164 1.0 0.8969609730547686 1.0 0.9820224606002117 1.0 0.9523628051975906 1.0 0.6633061997971726 1.0 0.8300639710113457 1.0 0.8477161755928132 1.0 0.8725440660204589 1.0 0.10704306741902885 1.0 0.5504753193074693 1.0 0.19585966514788047 1.0 0.44137501118200684 1.0 0.7949880874474597 1.0 0.5179422648567452 1.0 0.12971529373255572 1.0 0.7947444126521073 1.0 0.12358238025677169 1.0 0.1670288248549709 1.0 0.8130204592767334 1.0 0.5071934628507155 1.0 0.20967348832498234 1.0 0.87334837060941 1.0 0.36739705204832995 1.0 0.5909723185409661 1.0 0.30987324217892015 1.0 0.8158251455953984 1.0 0.34072954452435167 1.0 0.9738543361007225 1.0 0.35131492742825243 1.0 0.9441769290484826 1.0 0.6853100441209804 1.0 0.7277814129977082 1.0 0.7234025668738622 1.0 0.759205133404665 1.0 0.24527430740927803 1.0 0.9459093029793164 1.0 0.1439132285874487 1.0 0.8573402051912808 1.0 0.46515719133573363 1.0 0.11283148764485133 1.0 0.9270651682244186 1.0 0.5126967377483836 1.0 0.6496119195019174 1.0 0.6840446340040418 1.0 0.5719421153236628 1.0 0.9439640522352464 1.0 0.2931148288452309 1.0 0.9504047746335452 1.0 0.5540202121976356 1.0 0.9674360551308478 1.0 0.4763443696877794 1.0 0.2814383467671385
492.40053255408475 0.9207156561943054 1.0 0.4816117230571758 1.0 0.6260667245844982 1.0 0.35961049483562724 1.0 0.19565988657981315 1.0 0.5668421545228368 1.0 0.5574022828618274 1.0 0.7980129104945951 1.0 0.4976212883578266 1.0 0.3470276110128004 1.0 0.7047358584287947 1.0 0.8431674452380096 1.0 0.6387148924179401 1.0 0.8788404585664439 1.0 0.6370271995928345 1.0 0.18932531168216654 1.0 0.4510658753869462 1.0 0.25323280025395656 1.0 0.8057764799977071 1.0 0.2249658078882935 1.0 0.10933048023348235 1.0 0.3988239007074298 1.0 0.49754483844569 1.0 0.5745424609902068 1.0 0.42180744821002547 1.0 0.49517499837767387 1.0 0.6235617710692398 1.0 0.10579600107476789 1.0 0.821090631097151 1.0 0.7743655476973497 1.0 0.7699468163451904 1.0 0.7364519392902339 1.0 0.6287295598427108 1.0 0.5468149509165241 1.0 0.44707851070738613 1.0 0.12133585668436843 1.0 0.5778093268546369 1.0 0.12660271563749248 1.0 0.9141372203894359 1.0 0.4712566457485504 1.0 0.36732295743947585 1.0 0.4572526004373052 1.0 0.8077156209981251 1.0 0.8280239808325079 1.0 0.8541852856781862 1.0 0.767981316293045 1.0 0.28938560717784423 1.0 0.541595609949583 1.0 0.414968886810933 1.0 0.863790334119412 1.0 0.8072584407207458 1.0 0.18114763084131724 1.0 0.47203284380497423 1.0 0.7422481082120279 1.0 0.4994729638409827 1.0 0.7589935601855188 1.0 0.358207446336853 1.0 0.9830255829524666 1.0 0.23784155485777178 1.0 0.8921666905380609 1.0 0.412611358527301 1.0 0.7814817384147339 1.0 0.6639487853273408
504.45922495573626 0.3051396202553516 1.0 0.5248779258019506 1.0 0.9309292607583156 1.0 0.9042809412017971 1.0 0.7308213707285582 1.0 0.12812606773515808 1.0 0.2583296320767142 1.0 0.5718951968574469 1.0 0.5885798420433763 1.0 0.9567276890772323 1.0 0.9764581771917533 1.0 0.12140541801662297 1.0 0.9600019109296145 1.0 0.4224036701320325 1.0 0.46215957277312847 1.0 0.5668557723064324 1.0 0.2523349574452297 1.0 0.6206822841939782 1.0 0.6291566489833152 1.0 0.9753012296733559 1.0 0.7339835732643397 1.0 0.30584422672891526 1.0 0.4859891711775408 1.0 0.25024402232696175 1.0 0.29455696795189845 1.0 0.21528298429272077 1.0 0.37988664509394365 1.0 0.3379092851794358 1.0 0.6108477634490985 1.0 0.574761124660402 1.0 0.14371578638184287 1.0 0.5024072084432505 1.0 0.3673463200813325 1.0 0.26662822445629025 1.0 0.6860592098917148 1.0 0.9274666842334784 1.0 0.9071284017381918 1.0 0.6213611221649095 1.0 0.5037667886538043 1.0 0.3403853425810296 1.0 0.5210172771878482 1.0 0.8833333386491968 1.0 0.5394807985396111 1.0 0.7989095871193999 1.0 0.12869711923999774 1.0 0.4012966899540974 1.0 0.5223549019877778 1.0 0.5160534892114178 1.0 0.9058437656360571 1.0 0.6136482195972051
507.10279149198936 0.5780075564009599 1.0 0.18735825987318405 1.0 0.12818928257983367 1.0 0.24621510124549983 1.0 0.8606939726090916 1.0 0.3274769289940928 1.0 0.8969329600611257 1.0 0.6239797884477944 1.0 0.39396342123916606 1.0 0.159617534316047 1.0 0.7375136326131524 1.0 0.9735317689811475 1.0 0.8492226703729341 1.0 0.8975727060706773 1.0 0.740448661917686 1.0 0.8408455483683488 1.0 0.2113120602923726 1.0 0.6273971954208375 1.0 0.44623369631694765 1.0 0.42585576817168946 1.0 0.41436519919227965 1.0 0.16399592479915365 1.0 0.11899066777397194 1.0 0.5493921397108921 1.0 0.34774866566953855 1.0 0.47513479551120874 1.0 0.9085566003824688 1.0 0.6361978343275593 1.0 0.21682480709602375 1.0 0.6495541262590944 1.0 0.1942815674992001 1.0 0.8211218807467187 1.0 0.7385946505435405 1.0 0.1107590556038095 1.0 0.7481322068065226 1.0 0.9694640935181204 1.0 0.16895280989694927 1.0 0.4851335342698663 1.0 0.6681308312814173 1.0 0.5758787064462432 1.0 0.7435212523922025 1.0 0.9857914616735942 1.0 0.6292921321613166 1.0 0.8053830704102113 1.0 0.18745860686316335 1.0 0.9930649441647619 1.0 0.5513792078751952 1.0 0.17710379341674554 1.0 0.28313646347156934 1.0 0.2252947322307589 1.0 0.7191285099208798 1.0 0.26818984854841765 1.0 0.27712178051380176 1.0 0.2180006267319166 1.0 0.9092051271569891 1.0 0.5698051279526091 1.0 0.4206463169581419 1.0 0.24761005887568824 1.0 0.2367661197397743 1.0 0.6210645286402187 1.0 0.3381399830367031 1.0 0.10397698956266478 1.0 0.5967970867742385 1.0 0.29859049092792206 1.0 0.42786338142252633 1.0 0.1338346499693181 1.0 0.903506266409823
509.2923059935904 0.17652920063303756 1.0 0.7916222186161885 1.0 0.5616275077173114 1.0 0.7405917484431883 1.0 0.5787821654084981 1.0 0.23001631746223816 1.0 0.23603587598347328 1.0 0.2541653524699421 1.0 0.9220786334034865 1.0 0.36348187890763517 1.0 0.6874133125558246 1.0 0.3084644328789937 1.0 0.7476835508229626 1.0 0.4648161866235765 1.0 0.7270669236306767 1.0 0.2593062811629806 1.0 0.6019438675341534 1.0 0.8298093217241778 1.0 0.1816899452255741 1.0 0.9204648042496746 1.0 0.8998608096448877 1.0 0.4172433905883438 1.0 0.7943417265725161 1.0 0.8400591740798555 1.0 0.8939623022646828 1.0 0.879276540206214 1.0 0.8887944025388744 1.0 0.7727568827994763 1.0 0.14060780472480705 1.0 0.26870367849105703 1.0 0.6078287553050071 1.0 0.9266332813925042 1.0 0.48687143876634276 1.0 0.15966961990990675 1.0 0.5421303361267978 1.0 0.8196800799948415 1.0 0.7478054316255099 1.0 0.34882097254984845 1.0 0.6599094149315442 1.0 0.3675796249728316 1.0 0.6627339866011593 1.0 0.5874801458609336 1.0 0.3567120977257925 1.0 0.16713976864526991 1.0 0.5108043484925197 1.0 0.338324393277675 1.0 0.4121782187110601 1.0 0.16931572103309578 1.0 0.7223440613050889 1.0 0.29955489682772984 1.0 0.578149547081596 1.0 0.389524695305847 1.0 0.10324134337332133 1.0 0.26406459768793783 1.0 0.18362542634591217 1.0 0.11182739228155739 1.0 0.5554603356789047 1.0 0.8597071831488922 1.0 0.36956064385422116 1.0 0.6177911334706289 1.0 0.2967502679639866 1.0 0.46659645757083723 1.0 0.8476979143060883 1.0 0.44619983527601426 1.0 0.26330050915412023 1.0 0.36774300103725754 1.0 0.8096517562341197 1.0 0.6371991533744831 1.0 0.9451718356671234
513.0472249557102 0.8101152126212526 1.0 0.6856023648791695 1.0 0.8250617054770414 1.0 0.5872217744352123 1.0 0.527224220629095 1.0 0.9095689260439634 1.0 0.9550629986716166 1.0 0.8581686607402316 1.0 0.3675345847093706 1.0 0.4674322786877664 1.0 0.13025734432466438 1.0 0.9757323355717443 1.0 0.5536015406387963 1.0 0.12501161642214073 1.0 0.8945443199586813 1.0 0.4575993704057817 1.0 0.6169344228427013 1.0 0.6411659125722955 1.0 0.6837228214574149 1.0 0.11662092385899687 1.0 0.48778500665201385 1.0 0.34950359944959963 1.0 0.3704125277420015 1.0 0.23032677501349208 1.0 0.7179960029169392 1.0 0.13874481994672394 1.0 0.3933153581122063 1.0 0.49139896893915236 1.0 0.4626570908582036 1.0 0.10941271229914468 1.0 0.6303117999017681 1.0 0.1393538175006281 1.0 0.9696386500236414 1.0 0.3062332427786224 1.0 0.2331730170960616 1.0 0.10256424298007108 1.0 0.19654064923129028 1.0 0.8027351222808017 1.0 0.3842423686224339 1.0 0.13731073599607022 1.0 0.826004843713867 1.0 0.6520175978867069 1.0 0.4865643408718864 1.0 0.8733470524863368 1.0 0.6549470178167778
517.7956162240606 0.20796750304737194 1.0 0.6004839995630955 1.0 0.1314196795912186 1.0 0.7119873094765916 1.0 0.8549084885174258 1.0 0.3307372531508449 1.0 0.3581905963226206 1.0 0.36100123364503445 1.0 0.22712045541298148 1.0 0.7974881448064223 1.0 0.10742574401602238 1.0 0.6564250857761675 1.0 0.5708995884087227 1.0 0.1487005308164682 1.0 0.754533424351174 1.0 0.377736559130332 1.0 0.31141509427776154 1.0 0.2827046001041634 1.0 0.8915178647099653 1.0 0.17877520498403224 1.0 0.21437211018453778 1.0 0.8142372017890106 1.0 0.2295543357667873 1.0 0.6085366470329704 1.0 0.11012197134337309 1.0 0.3617200688591993 1.0 0.9686255205844198 1.0 0.7580447730310946 1.0 0.4729136091456154 1.0 0.44135882843552676 1.0 0.874591932617161 1.0 0.1929354519909371 1.0 0.8737444253048072 1.0 0.22592456178121717 1.0 0.9816236366023489 1.0 0.36006498896601025 1.0 0.6663438010925561 1.0 0.20772716097075905 1.0 0.23297792827538144 1.0 0.6948574381531774 1.0 0.7517929160486566 1.0 0.9142655711714432 1.0 0.39321567103825994 1.0 0.7925595495919177 1.0 0.22685182149883565 1.0 0.692325353172516 1.0 0.42188441340444016
524.9327315763051 0.9702624782114511 1.0 0.6496427726215532 1.0 0.6262477121922617 1.0 0.9174776821652353 1.0 0.15391983736237158 1.0 0.9410999560584458 1.0 0.7362707524907451 1.0 0.7497938949904859 1.0 0.13322921504873558 1.0 0.6882727688111753 1.0 0.6378274492250838 1.0 0.5023835762948753 1.0 0.4833040037452294 1.0 0.41253346555271464 1.0 0.6112779723206363 1.0 0.6559164715597399 1.0 0.9176556353319884 1.0 0.5181475896470479 1.0 0.786551437215941 1.0 0.8407524885006447 1.0 0.5622436761291869 1.0 0.2659685576587293 1.0 0.9167817304133343 1.0 0.8635192489532716 1.0 0.44991761458042123 1.0 0.8213102630739195 1.0 0.3860986748893618 1.0 0.725191214809113 1.0 0.6832077524982008 1.0 0.19037792764199357 1.0 0.9976281198307656 1.0 0.7764865013675681 1.0 0.9474889321447766 1.0 0.833740308966607 1.0 0.8927911276510178 1.0 0.496484180888664 1.0 0.12820792332403916 1.0 0.9800913360911379 1.0 0.4344592544487975 1.0 0.6902175640193035 1.0 0.5916677060710621 1.0 0.6625398074931403 1.0 0.8965798239565744 1.0 0.6422799085411536 1.0 0.6659035923715182 1.0 0.4722890520992449
537.3791420746493 0.33623257495939746 1.0 0.8877166232904758 1.0 0.5913293553824048 1.0 0.19611731584319847 1.0 0.8875371980800297 1.0 0.4841657625826684 1.0 0.9508546419402685 1.0 0.5957776476500549 1.0 0.8273920617822074 1.0 0.2324164414767914 1.0 0.43681655937014685 1.0 0.5720992576082192 1.0 0.6181461776769348 1.0 0.8406198781290521 1.0 0.3338166811277985 1.0 0.6763943975702327 1.0 0.4472568433257297 1.0 0.5884381055582188 1.0 0.7871817080204432 1.0 0.29106332617749064 1.0 0.29023677044547114 1.0 0.37726388635170816 1.0 0.4864737214186472 1.0 0.24797438723163914 1.0 0.896779471987618 1.0 0.2627243768392983 1.0 0.17272430815733936 1.0 0.5153560241852537 1.0 0.8241642416880012 1.0 0.22554460799244613 1.0 0.22770304633436772 1.0 0.8463581813821348 1.0 0.9093779748697065 1.0 0.17552229491308163 1.0 0.7831551395738869 1.0 0.6891062996782396 1.0 0.3325507987287465 1.0 0.38611788177486817 1.0 0.7350283411121917 1.0 0.6586026080862133 1.0 0.9093681265409574 1.0 0.2901967292097276 1.0 0.6960271140954671 1.0 0.21832860592868014
538.2251610425315 0.3561118070013294 1.0 0.9010427256687693 1.0 0.17241321642953855 1.0 0.7431423695058113 1.0 0.9161275981801685 1.0 0.37292576782406783 1.0 0.15217833683655885 1.0 0.16466011257427193 1.0 0.7506021048413023 1.0 0.5698128902447092 1.0 0.2795487157963306 1.0 0.5890266577480938 1.0 0.6300161500617486 1.0 0.4785139562390306 1.0 0.8199363266792636 1.0 0.1951384946528033 1.0 0.5364505730055327 1.0 0.6938614710706414 1.0 0.15090196974790812 1.0 0.14088599228534415 1.0 0.14445361610364046 1.0 0.2821330656314579 1.0 0.5994220114305299 1.0 0.6403986082824589 1.0 0.2011037447113137 1.0 0.3370630161115583 1.0 0.343567325453511 1.0 0.2474663244270475 1.0 0.970888495665227 1.0 0.8769065094319634 1.0 0.9427385969339402 1.0 0.8657723687102505 1.0 0.24071879844768618 1.0 0.21168222181620083 1.0 0.36431191610245095 1.0 0.6617146410708055 1.0 0.5257839242698203 1.0 0.738336990314336
539.4955756439365 0.8704392387500365 1.0 0.7331610873479976 1.0 0.23056101473502694 1.0 0.4623719151505469 1.0 0.5388435796060737 1.0 0.37633480139511566 1.0 0.25798863029258345 1.0 0.22331417692490824 1.0 0.5089858166485389 1.0 0.8627585220339261 1.0 0.7586735999241664 1.0 0.15210536902716537 1.0 0.8560612654561102 1.0 0.22561308818688838 1.0 0.6876401055452986 1.0 0.475505561879738 1.0 0.7690457073667286 1.0 0.9881601240383787 1.0 0.9413444507576427 1.0 0.1565520173542993 1.0 0.8292852305305138 1.0 0.27753280995827523 1.0 0.2536402874451932 1.0 0.9845475707656978 1.0 0.9525461749508806 1.0 0.18806956930892263 1.0 0.3077901084199673 1.0 0.5364313565375277 1.0 0.9089961222466464 1.0 0.11553238660591592 1.0 0.8131313624519209 1.0 0.45631453296291 1.0 0.7481968693787588 1.0 0.42377764179252964 1.0 0.635857358449044 1.0 0.2740386411525635 1.0 0.50099615770009 1.0 0.8235969854537463 1.0 0.7892726725818554 1.0 0.562746541963565 1.0 0.8044122150171275 1.0 0.9725910414734047 1.0 0.9854786217975484 1.0 0.48164068383706193 1.0 0.9494046647766458 1.0 0.9180924707813907 1.0 0.12068101482718588
551.3284918825192 0.69050951754317 1.0 0.35340754678002295 1.0 0.144757840845852 1.0 0.187827843996281 1.0 0.5841682402362152 1.0 0.6502364451654434 1.0 0.3308126149304945 1.0 0.44637765257263595 1.0 0.23159733689268447 1.0 0.1352868468961433 1.0 0.9699594219926744 1.0 0.7295175478534482 1.0 0.4913194289208983 1.0 0.395529177607287 1.0 0.6613205582250911 1.0 0.4967095712145505 1.0 0.910472537850701 1.0 0.2915059160137992 1.0 0.6204917388924832 1.0 0.887662092169894 1.0 0.8714269379071694 1.0 0.350886861150533 1.0 0.36380130545241274 1.0 0.37541568145369597 1.0 0.6207200540951191 1.0 0.7645366952930135 1.0 0.46082109730310394 1.0 0.3215095428632382 1.0 0.9148471623805604 1.0 0.243092140555042 1.0 0.3923455997740122 1.0 0.5334827946969978 1.0 0.6575215995346317 1.0 0.16585222402143635 1.0 0.5937882883526514 1.0 0.6100619346202413 1.0 0.9942414131074999 1.0 0.7454713142897242 1.0 0.9519038706700775 1.0 0.801375654784356 1.0 0.16618439383755412 1.0 0.3745856929144249 1.0 0.20925939721796727 1.0 0.949138376904388 1.0 0.5131665217754167 1.0 0.8408247891656772 1.0 0.20246265175277056 1.0 0.9640575480670749 1.0 0.9113007934598538 1.0 0.24872999058677955 1.0 0.5881744065853816 1.0 0.15934737228172707 1.0 0.8691477972471059 1.0 0.4660959386353891 1.0 0.7011653302753103 1.0 0.9655243170879684 1.0 0.15105725937883527 1.0 0.8232862697427998
551.3287445101798 0.22418874937302077 1.0 0.8825615925038477 1.0 0.6950679699757646 1.0 0.7976575386814518 1.0 0.8725483624000098 1.0 0.22144358137635878 1.0 0.6149033645698557 1.0 0.5744245052205367 1.0 0.6020322024021115 1.0 0.5949585824017748 1.0 0.4770234056320273 1.0 0.5250790214864388 1.0 0.2728794395307237 1.0 0.705344035780025 1.0 0.7652928529785691 1.0 0.21821195185048747 1.0 0.3583098694855543 1.0 0.25387263686996187 1.0 0.27194298351465285 1.0 0.7276257289535052 1.0 0.7520637352850779 1.0 0.9391986690320777 1.0 0.4324300250982449 1.0 0.7982954925656862 1.0 0.9390230506841339 1.0 0.8612189467606012 1.0 0.1241305978091414 1.0 0.1303114750922073 1.0 0.9457896358594257 1.0 0.641143778886907 1.0 0.16593313870763637 1.0 0.7018843651021556 1.0 0.16540850388914846 1.0 0.7937799287706829 1.0 0.45216116439741194 1.0 0.6070365055632847
561.3775595639278 0.6700027309355056 1.0 0.6435991888861021 1.0 0.7971429688827708 1.0 0.1997453100110405 1.0 0.9151419340474022 1.0 0.7792039926146233 1.0 0.27516242538405633 1.0 0.1461064774264234 1.0 0.3210125494005249 1.0 0.534454158340239 1.0 0.6887850069132021 1.0 0.9739591884977391 1.0 0.9084317961350493 1.0 0.5561526779804542 1.0 0.6674620079554533 1.0 0.7104613311042 1.0 0.8806007170050917 1.0 0.765507436053704 1.0 0.38695131504612534 1.0 0.869692922718466 1.0 0.5233383174449161 1.0 0.9853116437207047 1.0 0.8554896175042559 1.0 0.23066151244722483 1.0 0.21263783268475367 1.0 0.15787110354791728 1.0 0.8190002939483448 1.0 0.27531042832432484 1.0 0.6078499797787844 1.0 0.8430849125423518 1.0 0.3489039021983589 1.0 0.1333170126377501 1.0 0.2402787918463618 1.0 0.8657714861306731 1.0 0.31783495744670565 1.0 0.34197368073979034 1.0 0.6811724090480592 1.0 0.45107432828579774 1.0 0.4398271142065261 1.0 0.10157148127187166 1.0 0.8505893335663802 1.0 0.9752704503540321 1.0 0.6562896014968826 1.0 0.5957743021107641 1.0 0.673157697004978 1.0 0.5599815332961817 1.0 0.5795843156341938 1.0 0.9473826318035345 1.0 0.31018592645031684 1.0 0.19055284687926802
563.9704435449801 0.6084324883784908 1.0 0.9978320568816405 1.0 0.9412170563027732 1.0 0.9532403468137018 1.0 0.868857677200349 1.0 0.10210858721139264 1.0 0.9426174780571338 1.0 0.8975215504703606 1.0 0.7364579964504653 1.0 0.674508282392314 1.0 0.6316942435752925 1.0 0.133060433627951 1.0 0.35882410085718575 1.0 0.372736131259621 1.0 0.7137193725236376 1.0 0.6373260268898023 1.0 0.13732680126690847 1.0 0.4369263214420499 1.0 0.8481674559112835 1.0 0.16327813166290467 1.0 0.690247903466608 1.0 0.6661055336449972 1.0 0.47024767850805516 1.0 0.25058943576895326 1.0 0.6510062083564301 1.0 0.269301565493216 1.0 0.7495941368890375 1.0 0.5429011129224439 1.0 0.6673947347023782 1.0 0.1447148738636932 1.0 0.5707631553694648 1.0 0.31563085369374316 1.0 0.7913417620557299 1.0 0.5883357659528458 1.0 0.5747957322366606 1.0 0.5058307788102613 1.0 0.43013064002873336 1.0 0.9623177077159247 1.0 0.34235934396134443 1.0 0.4168855198798288 1.0 0.9021097234397432 1.0 0.7467193201201028 1.0 0.3820362367289887 1.0 0.8886177571473005 1.0 0.2870459196988988 1.0 0.4770055673554817 1.0 0.5107578440193715 1.0 0.9783870232318522 1.0 0.14817426512608034 1.0 0.36844043257052217 1.0 0.9888899026595639 1.0 0.8064606005159244 1.0 0.9062787635874806 1.0 0.405831816068459 1.0 0.8626018558362326 1.0 0.5642078382515002 1.0 0.45490414786201494 1.0 0.6703315311483521 1.0 0.37596445335620954 1.0 0.7742349507469158 1.0 0.3986613734587301
571.7154860561703 0.6911009662045582 1.0 0.979806402195737 1.0 0.8904331623847346 1.0 0.1661027830631689 1.0 0.8258443435976167 1.0 0.18565696709334262 1.0 0.34845426794168655 1.0 0.8853533657795265 1.0 0.7689644439016613 1.0 0.6906032567588632 1.0 0.18622289493960165 1.0 0.2756775187790993 1.0 0.7359839606973548 1.0 0.9944932852652624 1.0 0.9678065191984724 1.0 0.6706294121513585 1.0 0.8726975561777758 1.0 0.29548602620784803 1.0 0.6650751770639158 1.0 0.8502827630839874 1.0 0.9642783594094472 1.0 0.7964792459687347 1.0 0.21940932660998574 1.0 0.44737314970666353 1.0 0.21804459140946464 1.0 0.8690616557234964 1.0 0.19646259990444975 1.0 0.36908090263783166 1.0 0.515311921816085 1.0 0.5499314684769138 1.0 0.15712484342939606 1.0 0.8339187677360357 1.0 0.628717576204513 1.0 0.10765281701524673 1.0 0.2814053324443687 1.0 0.7372279156380889 1.0 0.39520589619090585 1.0 0.5091677746496708 1.0 0.7947258594211615 1.0 0.9348652581534094 1.0 0.7993060634034531 1.0 0.7685985829855866 1.0 0.5412190959712344 1.0 0.15519286300872637 1.0 0.41058633393081 1.0 0.754886185483981 1.0 0.5115310392767394 1.0 0.6246071464171042
572.7383116422945 0.7213298254275868 1.0 0.9948277950240026 1.0 0.187781707443275 1.0 0.345630725771055 1.0 0.9180600236343667 1.0 0.2910083713119894 1.0 0.7618969032225335 1.0 0.4822506293153923 1.0 0.4358194479913079 1.0 0.17628466974204748 1.0 0.8106820912884578 1.0 0.4440641260273651 1.0 0.15719052117537824 1.0 0.28917443366546186 1.0 0.4609323358182623 1.0 0.6068931255681735 1.0 0.33117713933914605 1.0 0.4480496578633185 1.0 0.1289128850151718 1.0 0.6263195139218732 1.0 0.5369900176851483 1.0 0.4990367221545724 1.0 0.16036186180196246 1.0 0.18591548257428275 1.0 0.19651327773957603 1.0 0.9435864618369418 1.0 0.8617353480674489 1.0 0.6929505930031963 1.0 0.6001789042119693 1.0 0.45548037392476415 1.0 0.3252691764618213 1.0 0.7362005522077133 1.0 0.5347236546780043 1.0 0.8406054466917975 1.0 0.6149946925294751 1.0 0.5772994290600812 1.0 0.16752839376552733 1.0 0.6410571174207138 1.0 0.2786296973078668 1.0 0.508826645354437 1.0 0.7119279867625115 1.0 0.40080326848170944 1.0 0.1528663943915923
620.5061689194577 0.1497948680790635 1.0 0.7281140862538499 1.0 0.4634305207051497 1.0 0.23156951884582963 1.0 0.2225392449206431 1.0 0.4208791999638669 1.0 0.29460554413818635 1.0 0.7040224603853639 1.0 0.6036048691261575 1.0 0.3686805483098222 1.0 0.625705903529394 1.0 0.8025384471551827 1.0 0.10312484993639165 1.0 0.23412504156337743 1.0 0.3108523820676118 1.0 0.8638246496645391 1.0 0.5367653563761656 1.0 0.18678987579628814 1.0 0.10181112785131272 1.0 0.7362889709015056 1.0 0.23707319250075337 1.0 0.8378932537191435 1.0 0.17673358070617506 1.0 0.5729981834012857 1.0 0.22176815356282603 1.0 0.7475124459062785 1.0 0.45408636054415386 1.0 0.3325432308264106 1.0 0.9001970146948927 1.0 0.333738467468896 1.0 0.10504160426925359 1.0 0.8594276546696059 1.0 0.5142982616857515 1.0 0.9678426927721382 1.0 0.8372851269571127 1.0 0.41249960138187713 1.0 0.14156933691249265 1.0 0.3637782601879077 1.0 0.8315097915132593 1.0 0.40864347010852275 1.0 0.9519880906614344 1.0 0.8702831198694018 1.0 0.45861362446407605
635.3513245478727 0.8544233717154894 1.0 0.6175258972097658 1.0 0.12990677858839364 1.0 0.7378194263344926 1.0 0.81445305498735 1.0 0.36956856286889406 1.0 0.4144682334377998 1.0 0.2877037865424782 1.0 0.9161634038530003 1.0 0.4023491495213498 1.0 0.5342265850010154 1.0 0.7221920877754826 1.0 0.31231454757513 1.0 0.19600315287417786 1.0 0.4001131571734676 1.0 0.7333801739831268 1.0 0.8487546208339898 1.0 0.4892431867719511 1.0 0.41451829616990354 1.0 0.31276242857024705 1.0 0.8893795731392227 1.0 0.9392891012377811 1.0 0.4574108059614507 1.0 0.5697077094424979 1.0 0.9604342853054088 1.0 0.4249618731646416 1.0 0.6672457068477379 1.0 0.8764011873863791 1.0 0.4851276255862237 1.0 0.6904441549351823 1.0 0.8610583764922961 1.0 0.8829388356991438 1.0 0.3664483059592655 1.0 0.260875244843748 1.0 0.5955627398725324 1.0 0.6411482704270117 1.0 0.8213091772503307 1.0 0.5999428473888675 1.0 0.273863847131613 1.0 0.9237089183431567 1.0 0.8214646635509758 1.0 0.25701522503088703 1.0 0.1710136244811422 1.0 0.6297519466775525 1.0 0.5756092176168368 1.0 0.8716317208426884 1.0 0.7974669836422046 1.0 0.5832032156137714 1.0 0.5495550029219637 1.0 0.5749591381629245
636.7483786005357 0.9009556745972853 1.0 0.6436506910995828 1.0 0.5452533606503454 1.0 0.22399384099073433 1.0 0.7684387654901967 1.0 0.3969535799576932 1.0 0.3362865040103701 1.0 0.8658250270250972 1.0 0.33862777449443804 1.0 0.652049083925532 1.0 0.6092970123494234 1.0 0.5094395453529174 1.0 0.6547868306972903 1.0 0.9208753063435144 1.0 0.7037421596405719 1.0 0.9969182100957001 1.0 0.7131703314851892 1.0 0.4612582358408063 1.0 0.3992942514910943 1.0 0.4705296277409411 1.0 0.9916380243816482 1.0 0.5975866655261903 1.0 0.8800500867512873 1.0 0.8803042516148448 1.0 0.4647425155855265 1.0 0.4367866416239732 1.0 0.9162470027892334 1.0 0.545928195822926 1.0 0.4864289984190583 1.0 0.3531034236631646 1.0 0.29619125959424275 1.0 0.21099886121613698 1.0 0.22697623057497954 1.0 0.2420667193205127 1.0 0.7505282128416426 1.0 0.20548668401551864 1.0 0.294412891231597 1.0 0.6135526797612609 1.0 0.44978798364814887 1.0 0.8193723886746042 1.0 0.4300749183631488 1.0 0.4582659694766771 1.0 0.5937567150079667 1.0 0.4562115612290685 1.0 0.26377691338857 1.0 0.6866943505386209 1.0 0.37010929751373445 1.0 0.6700300879731799 1.0 0.940249368584492 1.0 0.36623499902100587 1.0 0.31719333012538264 1.0 0.4362317931312858 1.0 0.6747142470816789 1.0 0.7282841739999844 1.0 0.21451109009752783
637.6991546615931 0.781478329603375 1.0 0.2636483177653294 1.0 0.8606225288893805 1.0 0.47482947872603964 1.0 0.546411176000939 1.0 0.448105522289572 1.0 0.6912607900778057 1.0 0.22365487704025006 1.0 0.5990496874955431 1.0 0.4728674724670251 1.0 0.29520003018699253 1.0 0.8045108508633385 1.0 0.4293452633650354 1.0 0.5925382345619055 1.0 0.26309724590744604 1.0 0.27535990166243496 1.0 0.6443144330479623 1.0 0.8300837542386567 1.0 0.39957786691025277 1.0 0.8625301854439698 1.0 0.7564057386673831 1.0 0.1913359117056613 1.0 0.3796199133160293 1.0 0.13746262279467067 1.0 0.43188914775830933 1.0 0.5942795801380514 1.0 0.8710280629721906 1.0 0.9414780025424746 1.0 0.30018635590751347 1.0 0.14590425873595803 1.0 0.7588080192349388 1.0 0.8018572931382927 1.0 0.6823763020172732 1.0 0.9086427724010014 1.0 0.1019132293415424 1.0 0.7191487937598473 1.0 0.49870224938931906 1.0 0.5357836909117186 1.0 0.15017642731067374 1.0 0.8878754111363663 1.0 0.9283848357892339 1.0 0.7865473700053984 1.0 0.6816429700898912 1.0 0.7980702789454313 1.0 0.8269836543955992 1.0 0.18073877717332165 1.0 0.604160840800899 1.0 0.8242895415516072 1.0 0.6353293690293588 1.0 0.2967673754669844
647.6468666467522 0.1871899469822062 1.0 0.4222671117602409 1.0 0.6086297498820694 1.0 0.7345247464950396 1.0 0.6818501476843865 1.0 0.5096044976426987 1.0 0.7560647828565629 1.0 0.7417786686219026 1.0 0.2908893275345732 1.0 0.7455713123175145 1.0 0.5257959992398343 1.0 0.45864001233152873 1.0 0.19898922326424673 1.0 0.2626106310484677 1.0 0.917850198270952 1.0 0.8638569869479601 1.0 0.6422310384668433 1.0 0.9722520592893402 1.0 0.5653820714365585 1.0 0.2700499151863859 1.0 0.8127882728749063 1.0 0.28196319577013695 1.0 0.971589630762019 1.0 0.1932906853462693 1.0 0.4892025026677871 1.0 0.4652416622048269 1.0 0.7185607870110916 1.0 0.6268056511645873 1.0 0.7391001194087408 1.0 0.3731550475775197 1.0 0.710571140742297 1.0 0.12371398638280981 1.0 0.5579501363982318 1.0 0.8084692108791179 1.0 0.7271551843559423 1.0 0.5378586480351926 1.0 0.35163704125413264 1.0 0.3336837047095508 1.0 0.37072386289084247 1.0 0.5851020768714622 1.0 0.9270683751571396 1.0 0.3921098812172783 1.0 0.5789666417767569 1.0 0.8957033979773086 1.0 0.29702705080510106 1.0 0.15373658919921715 1.0 0.8885134444981795 1.0 0.8331176970207156 1.0 0.573726727106945 1.0 0.9392720019106422 1.0 0.5975441446627432 1.0 0.4566072950797787 1.0 0.5665044203995079 1.0 0.1607930155125829 1.0 0.5237185223572668 1.0 0.5744731237859454 1.0 0.30679395836857065
650.4855447005788 0.7777295938901267 1.0 0.581442381395708 1.0 0.6398982549843042 1.0 0.4663468834723229 1.0 0.38390358732629226 1.0 0.962442215529821 1.0 0.6612813841088254 1.0 0.7786032801096447 1.0 0.42128428406188134 1.0 0.8918954546987721 1.0 0.7865893663067416 1.0 0.13394534254202092 1.0 0.6326304606766705 1.0 0.8139661670980589 1.0 0.8809038355596779 1.0 0.9769746249773137 1.0 0.45793077305106433 1.0 0.8100355863064025 1.0 0.5354527635683575 1.0 0.8001228897279453 1.0 0.46786326909362386 1.0 0.8683044040372211 1.0 0.8516328562947536 1.0 0.8955307440384062 1.0 0.8558079066540766 1.0 0.3093265113757663 1.0 0.7972975851723019 1.0 0.9336711275309282 1.0 0.7166988021060747 1.0 0.5956226850518452 1.0 0.8067528067551518 1.0 0.2446136893175517 1.0 0.8865441447735736 1.0 0.28135229352460595 1.0 0.7069136374017393 1.0 0.26883911643971503 1.0 0.2911283542832097 1.0 0.6788124529275822 1.0 0.60040343559595 1.0 0.9424691208810657 1.0 0.28063206845205413 1.0 0.8440082515590038 1.0 0.8457872028405413 1.0 0.5346887905210749 1.0 0.5511004971339385 1.0 0.6182007974925172 1.0 0.7252306552800901 1.0 0.31444879419841115 1.0 0.24115211651953328 1.0 0.5708994031535547 1.0 0.25429296901991605 1.0 0.7706204527084886 1.0 0.9561186599620622
652.9058546378023 0.11407936985771737 1.0 0.6305739872149125 1.0 0.8722691830955742 1.0 0.7178230070254192 1.0 0.24091438910131188 1.0 0.8521471493724808 1.0 0.8602635823843873 1.0 0.11354918478835135 1.0 0.6893567617804373 1.0 0.7206647082408902 1.0 0.6969439953497031 1.0 0.41100415074041974 1.0 0.6312392446598003 1.0 0.21484991302414508 1.0 0.22229181149139698 1.0 0.2522359659365788 1.0 0.9731567479086679 1.0 0.15129957111976483 1.0 0.40715183475602457 1.0 0.17210435885790742 1.0 0.2840654482735242 1.0 0.8916183112956965 1.0 0.8998873904520581 1.0 0.7322124505029889 1.0 0.4354672140859541 1.0 0.796911148082554 1.0 0.18301116824919506 1.0 0.7897319966306706 1.0 0.37196509791764065 1.0 0.5047158534754954 1.0 0.9788410690786594 1.0 0.32045452545710695 1.0 0.5077754177965785 1.0 0.8267729094432242 1.0 0.8146451040903085 1.0 0.19329623570003657 1.0 0.26497018187829136 1.0 0.7878065428190166 1.0 0.23455608919281395 1.0 0.5691191603438093 1.0 0.1588974544409961 1.0 0.11236214387017253 1.0 0.7733401059031692 1.0 0.2923320784910449 1.0 0.6442588364414762 1.0 0.13129335901469036 1.0 0.5829382797139893 1.0 0.47860919174125527 1.0 0.2533473819537442 1.0 0.1451203097458677 1.0 0.11833514638071607 1.0 0.10167996571183671 1.0 0.38794035805126115 1.0 0.951171202471069 1.0 0.30129803544911904 1.0 0.49150701958017007 1.0 0.2178470122401226 1.0 0.9886258094303477 1.0 0.8099154958928988 1.0 0.6660765629435582 1.0 0.708226941484234 1.0 0.9670284116972885 1.0 0.35651501757214077 1.0 0.6736092994460073 1.0 0.7743906943438532 1.0 0.2561382541184357
655.1036983674611 0.47499926680842885 1.0 0.45250646655430504 1.0 0.970388482444624 1.0 0.30359004841166043 1.0 0.6155804912765335 1.0 0.4640726254080456 1.0 0.14427770145301727 1.0 0.10946278519015334 1.0 0.45892980342406364 1.0 0.7399740467663972 1.0 0.12239731264594089 1.0 0.6242478497455536 1.0 0.8236424268324571 1.0 0.4247802448953263 1.0 0.28129368653505815 1.0 0.46941372860928177 1.0 0.8706214602836999 1.0 0.12174340305444728 1.0 0.24527210717171238 1.0 0.9109191375132937 1.0 0.47022906666391096 1.0 0.883628992833014 1.0 0.4251288782931022 1.0 0.6962331960237408 1.0 0.811239125407117 1.0 0.11451481381721858 1.0 0.930501346218845 1.0 0.7215548170259984 1.0 0.5458909772928106 1.0 0.968309494884988 1.0 0.9132699602167321 1.0 0.21675311954533244 1.0 0.9204155603557547 1.0 0.8208395874150284 1.0 0.1540442100028056 1.0 0.8519371348937362 1.0 0.17662157349141422 1.0 0.6874660318387588 1.0 0.4925911973769954 1.0 0.6209003898838327 1.0 0.20096344880133396 1.0 0.316017172297466 1.0 0.2712694541424321 1.0 0.7825994161582639 1.0 0.5390112272273623 1.0 0.4016036712771035
677.0346532738687 0.8735709564551974 1.0 0.2257539064888303 1.0 0.4448772777624924 1.0 0.33344413828673364 1.0 0.3934184290990098 1.0 0.2568588066672449 1.0 0.7125360214502239 1.0 0.30789106102668834 1.0 0.6896165075913747 1.0 0.12381156040755678 1.0 0.9902357123782525 1.0 0.45343347323627525 1.0 0.5785935128602615 1.0 0.4924353494411353 1.0 0.24483455125659667 1.0 0.9766549076831147 1.0 0.2803426058341167 1.0 0.957387398065592 1.0 0.5776458062373847 1.0 0.3977902530900739 1.0 0.27875452917396176 1.0 0.9335115481029707 1.0 0.27846392698225086 1.0 0.5885643931964298 1.0 0.24546053032935825 1.0 0.1274304494710689 1.0 0.831059703826636 1.0 0.614020099082383 1.0 0.23119982089208782 1.0 0.5368838209086495 1.0 0.40966954337028105 1.0 0.5134216232246676 1.0 0.7959066167782352 1.0 0.5265006369897979 1.0 0.3711549206623329 1.0 0.7317893511460047 1.0 0.5995313146444463 1.0 0.31570616820282604 1.0 0.6388139168088394 1.0 0.8363341235684626 1.0 0.2339015314169009 1.0 0.586083855810176 1.0 0.18743784602754032 1.0 0.9018975250695048 1.0 0.5364943130514873 1.0 0.5096611403442033 1.0 0.7171334841231605 1.0 0.27492522694865984 1.0 0.5671052499858305 1.0 0.8326303528684665 1.0 0.985957852428994
696.4143259249003 0.2927422585475175 1.0 0.16176226180598605 1.0 0.5138878159403801 1.0 0.9188205656303217 1.0 0.21511253420318394 1.0 0.12872410944808574 1.0 0.16842379739645358 1.0 0.33180189602299437 1.0 0.7694955393808092 1.0 0.3229930509777609 1.0 0.25548042274445176 1.0 0.9413672054303049 1.0 0.21806426098593124 1.0 0.6234415730899258 1.0 0.26191626033038734 1.0 0.8275235169336915 1.0 0.7903197294887201 1.0 0.5491235684125042 1.0 0.38750313311774964 1.0 0.3234499526506995 1.0 0.8165335598112113 1.0 0.7766182350741234 1.0 0.1907217019644112 1.0 0.9225288950603007 1.0 0.999659849584145 1.0 0.24285399308238426 1.0 0.14070645514208682 1.0 0.601471820524653 1.0 0.6344937643133315 1.0 0.34332969583566375 1.0 0.6662812686138578 1.0 0.8304160781431236 1.0 0.31204536641125513 1.0 0.48548441649781926 1.0 0.6349985805355599 1.0 0.5023575332821831 1.0 0.4619863189735949 1.0 0.7633577606014726 1.0 0.8023338621058057 1.0 0.41326075500466974 1.0 0.995670380796381 1.0 0.24277616230882199 1.0 0.9433139744024148 1.0 0.37687271309362935 1.0 0.6652464670624606 1.0 0.6685371718644155 1.0 0.4917820623510175 1.0 0.8026208014832333 1.0 0.7007420865979078 1.0 0.13502528831149832
700.3422224537973 0.39892734071983627 1.0 0.4828710350739138 1.0 0.3264441607155954 1.0 0.5585815338104246 1.0 0.6333189428351477 1.0 0.10015019373281109 1.0 0.9807863121285776 1.0 0.1482453186399212 1.0 0.582460570619183 1.0 0.5959255058778067 1.0 0.8345095676792309 1.0 0.38166006338270864 1.0 0.5212705384450547 1.0 0.5989232783854719 1.0 0.24444423805792093 1.0 0.31447991405034464 1.0 0.1509373204539969 1.0 0.5283343442094729 1.0 0.6052154552457689 1.0 0.5977563610359093 1.0 0.21987997482478266 1.0 0.2633173134067466 1.0 0.8625887814052804 1.0 0.2865072359535715 1.0 0.40621572402970463 1.0 0.5416292618307057 1.0 0.717123132008721 1.0 0.34765935228253575 1.0 0.6695850112533059 1.0 0.5937225674582188 1.0 0.6561706113504194 1.0 0.4595286570376903 1.0 0.3226102597446717 1.0 0.5293496686459591 1.0 0.25686075351063953 1.0 0.7012962977925485 1.0 0.1492773580544245 1.0 0.31409679852701794 1.0 0.8168897331868776 1.0 0.26134712904335816 1.0 0.6466081721804137 1.0 0.7230563654964101 1.0 0.10926948401185227 1.0 0.7680744121537666 1.0 0.9911230733378196
710.143518098773 0.3381191944885701 1.0 0.24089876048775638 1.0 0.34432383635066244 1.0 0.7301618785092293 1.0 0.5433783719921547 1.0 0.5339751576732106 1.0 0.42496977680271686 1.0 0.1890776819327386 1.0 0.9471834007234958 1.0 0.9005446162416967 1.0 0.5072214917412087 1.0 0.7997890081555326 1.0 0.5847260812984819 1.0 0.3700116600487827 1.0 0.3194937075737201 1.0 0.5974498491510614 1.0 0.6187328074236543 1.0 0.7409341422371971 1.0 0.752545092559477 1.0 0.7157584695917636 1.0 0.39932595452821373 1.0 0.6230803562217135 1.0 0.2160825757625728 1.0 0.6158573336149508 1.0 0.9836500293090993 1.0 0.518152956625849 1.0 0.350498427085121 1.0 0.33558064717856984 1.0 0.8425174442879606 1.0 0.8552395599779453 1.0 0.6805955527475948 1.0 0.5658022613136162 1.0 0.3667962622070826 1.0 0.1815281476449473 1.0 0.3425257786652345 1.0 0.7299687187002457 1.0 0.29504620746983834 1.0 0.1971596185152818 1.0 0.5164504851917774 1.0 0.25234661844059203 1.0 0.1342686523187477 1.0 0.13915397270618782 1.0 0.6265871496481672 1.0 0.1409964899941075 1.0 0.8353571282293137
715.6543942890879 0.3182155571240026 1.0 0.3109661110270898 1.0 0.7347603803112848 1.0 0.4981293309520941 1.0 0.6738806791283191 1.0 0.29475823823521596 1.0 0.25291599721400604 1.0 0.19947845959543764 1.0 0.45542342660102186 1.0 0.28146675905986945 1.0 0.881428462013074 1.0 0.7283711645233829 1.0 0.5157297214550711 1.0 0.9124763158238524 1.0 0.8104861543956648 1.0 0.48802339219537016 1.0 0.7250536065831539 1.0 0.15903920047459352 1.0 0.3836535453694381 1.0 0.9360612907110613 1.0 0.6308842012977268 1.0 0.2720157923147257 1.0 0.40746606125365037 1.0 0.29803468679221923 1.0 0.3695808233143405 1.0 0.4288050590766983 1.0 0.7422440277715316 1.0 0.6401588994949464 1.0 0.40903792782619897 1.0 0.9066385405558769 1.0 0.9286220337026625 1.0 0.6443290783272069 1.0 0.14807819388946852 1.0 0.2527080109492278 1.0 0.17166905420089545 1.0 0.7682444473432792 1.0 0.34262093117537645 1.0 0.6695650200590243 1.0 0.604800551270798 1.0 0.6002444697060604 1.0 0.46205204243264364 1.0 0.942457314986674 1.0 0.2147122749617162 1.0 0.3560428890293724 1.0 0.9095690248971131 1.0 0.7964199641051114 1.0 0.30029801622200303 1.0 0.1935721127702964 1.0 0.3108020125450464 1.0 0.7580223859628406 1.0 0.3939419834037393 1.0 0.3468332575488693 1.0 0.10247897963798469 1.0 0.9845210697534079 1.0 0.5112665520130537 1.0 0.2527538282987545 1.0 0.3461682809436494
717.086873307948 0.6606979460266605 1.0 0.7785869622434585 1.0 0.12492277029627627 1.0 0.6506638073267357 1.0 0.5978339592563996 1.0 0.8577372015851346 1.0 0.1612896720658884 1.0 0.38525914036046494 1.0 0.629233485355148 1.0 0.6239879393436801 1.0 0.9062823386317358 1.0 0.12274306440620548 1.0 0.2442351886287519 1.0 0.930109296313542 1.0 0.29738647800322426 1.0 0.1663961736801379 1.0 0.7089612865326695 1.0 0.8380897643877222 1.0 0.5412182383103549 1.0 0.35326418759260614 1.0 0.11962249337211223 1.0 0.43755727560639524 1.0 0.7716883148519524 1.0 0.8012372592824097 1.0 0.7027180567781651 1.0 0.8874648550265793 1.0 0.5574527480275313 1.0 0.4608668718475464 1.0 0.39192548233422986 1.0 0.22166343728341176 1.0 0.3854494190528702 1.0 0.6667995709352798 1.0 0.4792537980312994 1.0 0.13709855244826868 1.0 0.46642187804562363 1.0 0.8185918730789313 1.0 0.37149335091263147 1.0 0.22353118265139393 1.0 0.8212802591935988 1.0 0.624247374697374 1.0 0.4678444930591785 1.0 0.2588067007335928 1.0 0.14140793557541972 1.0 0.8129353708666828 1.0 0.4934278864030779 1.0 0.8793496643654085 1.0 0.8296237854692377 1.0 0.9829163304110504 1.0 0.22456410578075198 1.0 0.39725829647385036 1.0 0.6091557228625527 1.0 0.8796473735372641 1.0 0.3124056413162064 1.0 0.5141591569923906
725.2233755918031 0.574429824343621 1.0 0.7434146747364041 1.0 0.6153991632075265 1.0 0.2789948891486621 1.0 0.38129837804827027 1.0 0.15211738705277833 1.0 0.7143318340323629 1.0 0.2609070662193236 1.0 0.3120580772700454 1.0 0.5163936155184369 1.0 0.43668092057176855 1.0 0.7250758736504122 1.0 0.9237683691231873 1.0 0.5585848876961547 1.0 0.4154273506967495 1.0 0.9741567725077442 1.0 0.6636985474931675 1.0 0.9246993059658072 1.0 0.13768233566587437 1.0 0.6189794580245096 1.0 0.615342106031907 1.0 0.3768205418553735 1.0 0.5670096712954829 1.0 0.732013820667117 1.0 0.8898851890720597 1.0 0.1946587823473711 1.0 0.8320762975830366 1.0 0.5482818147614027 1.0 0.15819864343979612 1.0 0.9640977294795564 1.0 0.3786070496557994 1.0 0.28307307550581823 1.0 0.9004804271981971 1.0 0.6840913183712164 1.0 0.482411900504337 1.0 0.873631757590695 1.0 0.22771821459312616 1.0 0.16650749684933153 1.0 0.7702517359541339 1.0 0.9266799797936285 1.0 0.14092606405231559 1.0 0.3790656040867322 1.0 0.5830022967836574 1.0 0.4715651185200097 1.0 0.4675633786411987 1.0 0.740054428532763
760.7638589225132 0.4953714844370055 1.0 0.5758809854703393 1.0 0.3311339136137156 1.0 0.873654679427177 1.0 0.11098107445184319 1.0 0.5238340152411186 1.0 0.9371708133530242 1.0 0.9941646165296227 1.0 0.9622443084940109 1.0 0.24674260845330537 1.0 0.7018481538549757 1.0 0.8816618289898243 1.0 0.14559412727277346 1.0 0.7551211890259605 1.0 0.36054898199324714 1.0 0.8364620341346479 1.0 0.7340890331608032 1.0 0.47163527733384325 1.0 0.3620390287082962 1.0 0.5748447694819991 1.0 0.8009157012470952 1.0 0.4956626108636233 1.0 0.8886762566254417 1.0 0.33543186003107883 1.0 0.31228616902488066 1.0 0.7844139705967763 1.0 0.6620842522455247 1.0 0.36230579350878533 1.0 0.8210763854846942 1.0 0.40705613011657116 1.0 0.2023704458475007 1.0 0.4091083065497947 1.0 0.9291757134447376 1.0 0.7055999164199355 1.0 0.8977780827719588 1.0 0.8623448831717294 1.0 0.38937677442657304 1.0 0.3062868993811565 1.0 0.7648350420346007 1.0 0.7801955604910229 1.0 0.6167855873773073 1.0 0.802630576800158 1.0 0.29015213918926597 1.0 0.3001406366722973 1.0 0.19937470292567133 1.0 0.7382276420162259 1.0 0.3504960791248972
783.9208649592858 0.4726557131372485 1.0 0.45733499826815505 1.0 0.8035058539871753 1.0 0.6006285930755159 1.0 0.8561391382023562 1.0 0.27810028840554635 1.0 0.991466874067216 1.0 0.8781978284623692 1.0 0.20544228475346893 1.0 0.3878780922462127 1.0 0.4359297661894994 1.0 0.5535487470480255 1.0 0.5166005093462372 1.0 0.5535526230424197 1.0 0.23890950766668645 1.0 0.21547472481550922 1.0 0.34206545138120803 1.0 0.24805151039415024 1.0 0.7788348357644582 1.0 0.995575466906325 1.0 0.5924222726842672 1.0 0.11015964811750008 1.0 0.3119726865560543 1.0 0.5717309137141933 1.0 0.764321146123238 1.0 0.24843668317152648 1.0 0.3528782200435673 1.0 0.36290264813524786 1.0 0.6828639548730671 1.0 0.7980813416464262 1.0 0.55549958421191 1.0 0.8719401596575909 1.0 0.8038508964861747 1.0 0.6030590637335735 1.0 0.25019439384576947 1.0 0.6109776762373049 1.0 0.9969710422691209 1.0 0.5194171280743386 1.0 0.5648955421076578 1.0 0.18871000990648967 1.0 0.4935282093104122 1.0 0.32142255332388486 1.0 0.5192744543217009 1.0 0.8637284424272296 1.0 0.111769846946376 1.0 0.7826838040424873 1.0 0.8697015682560509 1.0 0.473995346869419 1.0 0.5352733738174871 1.0 0.32895461722775377 1.0 0.17016752722139628
791.7070995225417 0.8748866379995883 1.0 0.7901107813493325 1.0 0.859675412391039 1.0 0.5092236701551962 1.0 0.2778695609399037 1.0 0.11972323054348093 1.0 0.7997765131086868 1.0 0.5373060933515702 1.0 0.18552606063567903 1.0 0.5269864796393232 1.0 0.5378725265505804 1.0 0.2636035068403864 1.0 0.7639953074332319 1.0 0.25890889846837006 1.0 0.42186056149489104 1.0 0.1350506169534076 1.0 0.16620196554442596 1.0 0.9675562171794496 1.0 0.3781374847619807 1.0 0.21587642197045992 1.0 0.5628406782221644 1.0 0.616435409864249 1.0 0.4278341525002909 1.0 0.6054871486654682 1.0 0.7638919704503314 1.0 0.4766165773093022 1.0 0.811143145325338 1.0 0.843574849883831 1.0 0.17084025861252056 1.0 0.4550101592724187 1.0 0.8405869165944491 1.0 0.3865171956530028 1.0 0.16058050896471626 1.0 0.9355610238950844 1.0 0.7352274139777131 1.0 0.9706511047508758 1.0 0.9769877628717345 1.0 0.6241744905846015 1.0 0.4480333999053373 1.0 0.7551337151200712 1.0 0.6088398663824355 1.0 0.31103582211696523 1.0 0.10172650454801199
813.2557014057011 0.9152802986938247 1.0 0.19558686269052283 1.0 0.8684549497192441 1.0 0.6887432432680336 1.0 0.6069574372723956 1.0 0.13387884287201263 1.0 0.6345324699379264 1.0 0.27376650073005193 1.0 0.9226514176391012 1.0 0.5539147371068976 1.0 0.7421106913078455 1.0 0.5060560074233277 1.0 0.9303644870165866 1.0 0.8885316030444056 1.0 0.4214592346055426 1.0 0.7591324898295213 1.0 0.8826513156899464 1.0 0.9658691105504666 1.0 0.4465235450607372 1.0 0.40229205730575923 1.0 0.6244089526227629 1.0 0.27063128124210456 1.0 0.24132920625803317 1.0 0.9623932149069055 1.0 0.8251601265073517 1.0 0.5684770562477419 1.0 0.2874942736161872 1.0 0.8139767130417633 1.0 0.6888131619315432 1.0 0.5834008987923838 1.0 0.5123782822772173 1.0 0.36852113606802595 1.0 0.5930707006536617 1.0 0.7721425945600665 1.0 0.504552188883195 1.0 0.3012966231971236 1.0 0.7774791062062453 1.0 0.26490637099123165 1.0 0.2975953113508608 1.0 0.6956163678866225 1.0 0.37821627581591366
813.9456761698524 0.5697371833304006 1.0 0.9868078524719481 1.0 0.8608927081568472 1.0 0.7574077976893591 1.0 0.777575138812542 1.0 0.9926066790870601 1.0 0.9682712291674976 1.0 0.442118273630672 1.0 0.39122721950866146 1.0 0.7564497260343198 1.0 0.9638597857049048 1.0 0.7167967679506201 1.0 0.5799696861840392 1.0 0.6732020247200121 1.0 0.7368158902343017 1.0 0.5792382114155874 1.0 0.21798798208809053 1.0 0.32016344018537524 1.0 0.8020059452223927 1.0 0.576934479643376 1.0 0.5185144438205074 1.0 0.3912510983141204 1.0 0.17737671908002756 1.0 0.6403831708716721 1.0 0.261834273454526 1.0 0.24203391288063433 1.0 0.8234054916676135 1.0 0.6177776813227377 1.0 0.6903023965774459 1.0 0.4384626030915927 1.0 0.6472427554794452 1.0 0.9786418061402694 1.0 0.8785597486750343 1.0 0.6306466371454135 1.0 0.7841869615771437 1.0 0.5666518731692836 1.0 0.30358619666844994 1.0 0.2058230240447898 1.0 0.17180037718724578 1.0 0.5842564859747347 1.0 0.3374579990415719 1.0 0.29416878019228987 1.0 0.9718338327546443 1.0 0.4282970947983542 1.0 0.8070556095565801 1.0 0.5466786415249684 1.0 0.234281456505878 1.0 0.49546749958609704 1.0 0.10741339121818785 1.0 0.6096221530355233 1.0 0.1985107697051426 1.0 0.6442872076554914 1.0 0.9852573822797384 1.0 0.5880303116947869
821.1160968539355 0.16303293599387736 1.0 0.5404970123854494 1.0 0.5452727607313148 1.0 0.16201246094927663 1.0 0.10831162614853372 1.0 0.1386694828812669 1.0 0.44680354407739464 1.0 0.5999237101068859 1.0 0.8414939073658523 1.0 0.8591045621848834 1.0 0.22107305631315843 1.0 0.726873661446076 1.0 0.44647882557708496 1.0 0.6374236457913621 1.0 0.29972676149547867 1.0 0.5858325732792269 1.0 0.1971062830006738 1.0 0.20957916147508604 1.0 0.4704621297176562 1.0 0.8488405628072316 1.0 0.30369993890182073 1.0 0.7103973194049014 1.0 0.9771983738382761 1.0 0.400911045240133 1.0 0.4819101979043807 1.0 0.5254981589544795 1.0 0.27070282519858535 1.0 0.46249291428793804 1.0 0.28724780264648797 1.0 0.33577215257830073 1.0 0.8738401365230044 1.0 0.4238446234758718 1.0 0.7483827152475507 1.0 0.44357689752516594 1.0 0.6726514148053746 1.0 0.9034367119221841 1.0 0.4578593989577685 1.0 0.25353907782911284 1.0 0.9468670130601229 1.0 0.7610123449300384 1.0 0.26780553193312506 1.0 0.27477593136121287 1.0 0.2510053535751553 1.0 0.19801728819934922 1.0 0.7547538875801799 1.0 0.10551550506076587 1.0 0.4972605065570863 1.0 0.5442564770796628 1.0 0.2935350911902008 1.0 0.32153312389771765
844.1360927441094 0.7421986603701372 1.0 0.11379468488843741 1.0 0.23216631418026376 1.0 0.8233680435314602 1.0 0.8511049068931261 1.0 0.9514871841067828 1.0 0.3332232875815634 1.0 0.275146647557423 1.0 0.5225744085347402 1.0 0.8924887053922774 1.0 0.6487696141531543 1.0 0.11936743312662146 1.0 0.164659870876329 1.0 0.2534488423938688 1.0 0.5449858251748662 1.0 0.819259478288949 1.0 0.4280827377150609 1.0 0.300746759562732 1.0 0.46065471490879417 1.0 0.6225804701477252 1.0 0.6765153114548693 1.0 0.3127307980678925 1.0 0.5407912111797909 1.0 0.5176847744689935 1.0 0.5920501560828644 1.0 0.3056249655056712 1.0 0.8120208551617732 1.0 0.829226265789737 1.0 0.7578290781050203 1.0 0.2762544317738481 1.0 0.5090004140420237 1.0 0.8387894123580472 1.0 0.21801552697859022 1.0 0.1324850231632508 1.0 0.4042182118716269 1.0 0.9370917549396086 1.0 0.795780334680294 1.0 0.23730796571122315 1.0 0.9650139176210212 1.0 0.7701609269906496 1.0 0.12918779701541544 1.0 0.7421916388873855 1.0 0.12545884206256389 1.0 0.4817380075049752 1.0 0.7748234245129474 1.0 0.6218284048769118 1.0 0.3592510791624617
853.0042417048902 0.7589724316662984 1.0 0.6774781343609617 1.0 0.7780954249066834 1.0 0.1373666262053004 1.0 0.6015132470823622 1.0 0.894557405326917 1.0 0.1865798939048583 1.0 0.21720156703913418 1.0 0.34553066969097657 1.0 0.568163172042011 1.0 0.3983561326619801 1.0 0.15417608460954058 1.0 0.7872730136514223 1.0 0.9881234226216208 1.0 0.27070045351800487 1.0 0.5868674903940286 1.0 0.8626301768097836 1.0 0.5754638021282374 1.0 0.6694630578610423 1.0 0.9453916242284619 1.0 0.8982565694707347 1.0 0.2453705751780882 1.0 0.8585960799872391 1.0 0.4238704439276142 1.0 0.46208222882177397 1.0 0.6898603605327258 1.0 0.4591017393375888 1.0 0.9186821768952602 1.0 0.29992105937156893 1.0 0.47689456742471037 1.0 0.5117960577896227 1.0 0.3420771678183786 1.0 0.704149095518797 1.0 0.8898099926238625 1.0 0.13816680999387163 1.0 0.9669207588272114 1.0 0.41241146462916967 1.0 0.4301333271502219 1.0 0.8357107093797845 1.0 0.277535066787279 1.0 0.8990661919611884 1.0 0.4679624396443599 1.0 0.11917602804167711 1.0 0.14512454347380893 1.0 0.6819581376865448 1.0 0.6256573495380519 1.0 0.3606966040210591 1.0 0.4179609953320935 1.0 0.5757928009820478 1.0 0.3637942244169131
857.7767143881889 0.6755014093977945 1.0 0.9464997665909488 1.0 0.9368291667010987 1.0 0.2341945370698863 1.0 0.5606993261884509 1.0 0.9953114919516113 1.0 0.3278939131152476 1.0 0.1804516008833268 1.0 0.602139994417931 1.0 0.19172440930730905 1.0 0.385326129484592 1.0 0.4829547057369815 1.0 0.28224235675407855 1.0 0.4928874435286412 1.0 0.5428330748616178 1.0 0.23145970359726087 1.0 0.9016039608519244 1.0 0.22710905630809028 1.0 0.4527919122746199 1.0 0.32275653311584707 1.0 0.6220495091027041 1.0 0.6774161382926467 1.0 0.1774332406234202 1.0 0.37659675833500594 1.0 0.4706862789716906 1.0 0.678504963317051 1.0 0.6718176563888434 1.0 0.25102889952642465 1.0 0.7150231178846524 1.0 0.194508972161535 1.0 0.7479279808753874 1.0 0.3567803451558882 1.0 0.29904786491830626 1.0 0.8341483619670917 1.0 0.22507509605559065 1.0 0.4682754696229714 1.0 0.5353008131288951 1.0 0.8889610971442639 1.0 0.42963305660591955
871.9707392081114 0.612493319042897 1.0 0.6825045418188231 1.0 0.6293932336373858 1.0 0.6640186723097649 1.0 0.984959159457357 1.0 0.5057840421130176 1.0 0.9919240619699834 1.0 0.7076273593088294 1.0 0.8588090832808032 1.0 0.5370171470722149 1.0 0.9197434001366759 1.0 0.964238679164794 1.0 0.12370773020696453 1.0 0.5310332738237858 1.0 0.8215708201085746 1.0 0.12289943818701012 1.0 0.1406182125389013 1.0 0.49860749830865725 1.0 0.2195482685945862 1.0 0.3624477740472394 1.0 0.34866188944277837 1.0 0.7816596001816151 1.0 0.5208589741433752 1.0 0.148409845434131 1.0 0.15350857537138196 1.0 0.7821916301782225 1.0 0.6375338493272636 1.0 0.652665300103213 1.0 0.4403307241687492 1.0 0.5723573178057363 1.0 0.11674134317113638 1.0 0.841632827780133 1.0 0.8062096430207566 1.0 0.9162438533722205 1.0 0.7230725399309649 1.0 0.7893106147629516 1.0 0.6979628021641688 1.0 0.9440138498988007 1.0 0.11878790322442553 1.0 0.4681317972451159 1.0 0.7526097596043041 1.0 0.36777686962103995 1.0 0.9684716981423472 1.0 0.42609585217197643 1.0 0.5268554306846684 1.0 0.4467804160836122 1.0 0.8800734294258171 1.0 0.30669187182516433 1.0 0.7559030474495471 1.0 0.10937792321422796 1.0 0.25016450643992555 1.0 0.572237260669134 1.0 0.9472869544149833 1.0 0.5627212113163957 1.0 0.21283068277494194 1.0 0.6023353641044246 1.0 0.2757018597258337 1.0 0.3484344424340958
936.1754018043154 0.15342850061434538 1.0 0.49295556848700006 1.0 0.13698751614060997 1.0 0.8210291111735981 1.0 0.5013742332118528 1.0 0.10581315441841957 1.0 0.5595897416519453 1.0 0.1438125951277796 1.0 0.35402151188211695 1.0 0.16861841808506836 1.0 0.45802357240099534 1.0 0.9122889609295259 1.0 0.7129449942337546 1.0 0.8494769994678663 1.0 0.13134762997694643 1.0 0.8688636944861468 1.0 0.9550859807439603 1.0 0.36044674975577784 1.0 0.46234826575407384 1.0 0.27512676107642153 1.0 0.24651622084442068 1.0 0.13294151040421567 1.0 0.8101576753311504 1.0 0.6257567040388513 1.0 0.9171923808442072 1.0 0.5289337554806447 1.0 0.2373650835355589 1.0 0.9783208650135525 1.0 0.6363494772652577 1.0 0.825260628445265 1.0 0.49385749766607845 1.0 0.4423275884981005 1.0 0.10632190086942041 1.0 0.7230252999764955 1.0 0.8748773534112989 1.0 0.6485970774590132 1.0 0.14102825796787427 1.0 0.5713491173479429 1.0 0.8604414892457237 1.0 0.5723726540754568 1.0 0.7165190020259044 1.0 0.3055429356763022 1.0 0.6126894317215456 1.0 0.9032524789354801 1.0 0.35099751371496046 1.0 0.5170248052018803 1.0 0.1165454054254424 1.0 0.8055653347099141 1.0 0.9378993071312969 1.0 0.6538021286401299 1.0 0.3847130470279817 1.0 0.8318134840944434 1.0 0.7508975095988687 1.0 0.6002809901916805
936.2494357646299 0.6838611303569669 1.0 0.10920978320273245 1.0 0.6244046155789277 1.0 0.8674670698630735 1.0 0.3780469806193354 1.0 0.14534274719124418 1.0 0.6371542445974959 1.0 0.2453486847049696 1.0 0.7646276803729454 1.0 0.19116870770926983 1.0 0.8941864499662432 1.0 0.7370802043158196 1.0 0.9656831485022938 1.0 0.4065627269019717 1.0 0.5817959892542065 1.0 0.35771071273449395 1.0 0.29388649272146844 1.0 0.434779826955235 1.0 0.3911959576623675 1.0 0.7022991576297996 1.0 0.9572418002353826 1.0 0.557459596764655 1.0 0.8792253580432281 1.0 0.37719961169220806 1.0 0.16149867024731088 1.0 0.316708043324757 1.0 0.6656912393534642 1.0 0.4137620607507997 1.0 0.5824321162747209 1.0 0.42698536733674475 1.0 0.2019918499076076 1.0 0.6674827825598162 1.0 0.1533127156826587 1.0 0.20357183803654902 1.0 0.46998259305329537 1.0 0.11380558146692922 1.0 0.3950206839843686 1.0 0.626092684734485 1.0 0.21124960998398223 1.0 0.15219575173882322 1.0 0.8995989719448628 1.0 0.10618891683146263 1.0 0.7409412884494552 1.0 0.3305561547005623 1.0 0.4959722879771131 1.0 0.20348762852713764 1.0 0.314465007354207 1.0 0.5491219489777756 1.0 0.6170251333854346 1.0 0.6156449717364676 1.0 0.9616078970953978 1.0 0.22953506135138727 1.0 0.5589922744509543 1.0 0.7395144688555194 1.0 0.47845766559327363 1.0 0.9712059414638137 1.0 0.6087322590481249 1.0 0.10335161398988281 1.0 0.11488354768193089 1.0 0.5821641509084403 1.0 0.9890972456322586 1.0 0.13110173367435918
941.6579748429318 0.3337801631679698 1.0 0.8391106019074727 1.0 0.5834729059136181 1.0 0.12284205724168766 1.0 0.4522832766470163 1.0 0.9930947690325059 1.0 0.8967410783183307 1.0 0.8612718069197062 1.0 0.6400425266646896 1.0 0.570274761841004 1.0 0.1555493005355238 1.0 0.8028942347598896 1.0 0.1541252661032794 1.0 0.28917916661789 1.0 0.8368998960042342 1.0 0.48000432320287 1.0 0.5804386441490124 1.0 0.9373428992295115 1.0 0.6490425516175411 1.0 0.9343474603777677 1.0 0.5830506415013201 1.0 0.16827966038150177 1.0 0.6830801366560515 1.0 0.493870026349567 1.0 0.6680478884481124 1.0 0.3196337267280802 1.0 0.9657813117307936 1.0 0.7066834588696498 1.0 0.37468384908129027 1.0 0.8607106457212506 1.0 0.8748525090525091 1.0 0.5159971592223925 1.0 0.19176613616570118 1.0 0.8143746245002315 1.0 0.5275413919059081 1.0 0.9391673794355061 1.0 0.5587689763421615 1.0 0.8281660091421504 1.0 0.6640937964872757 1.0 0.3722382053044416 1.0 0.33349681073022347 1.0 0.6879767325247346 1.0 0.17303751128994377 1.0 0.5281033608995073 1.0 0.1707883264409294 1.0 0.3960023645277194 1.0 0.33494414976935144 1.0 0.9770609480353748 1.0 0.2051225553886581 1.0 0.5143699893410799 1.0 0.9473003649617473 1.0 0.32648523897783177 1.0 0.2992692706437955 1.0 0.2223187174045116 1.0 0.6134146323898925 1.0 0.2370394305877176
947.2327441281178 0.5171256911244926 1.0 0.335446526131992 1.0 0.596559628689896 1.0 0.37969385913565745 1.0 0.7939057767503419 1.0 0.20617524255421035 1.0 0.35166269433359765 1.0 0.786455197351471 1.0 0.41012436920488804 1.0 0.35184988741357937 1.0 0.30258692703205814 1.0 0.5433624604225784 1.0 0.16893382104716503 1.0 0.47254300447307096 1.0 0.9689137855115176 1.0 0.9782644278075613 1.0 0.1945820170971987 1.0 0.9743024413965476 1.0 0.7054687615087009 1.0 0.3707486296315782 1.0 0.5108055834141841 1.0 0.1503048778858923 1.0 0.5265313744988698 1.0 0.7292837379916849 1.0 0.6679682543840235 1.0 0.7422623785053137 1.0 0.38471416920289514 1.0 0.8505303138078066 1.0 0.14694776044300117 1.0 0.697750104295154 1.0 0.14899380958877326 1.0 0.5150114429182311 1.0 0.24676931794244478 1.0 0.45421772756112355 1.0 0.9577749109511153 1.0 0.4070534313346703 1.0 0.4616384663581524 1.0 0.7138961672340338 1.0 0.5231431917459982 1.0 0.3665558078241977 1.0 0.319493587188827 1.0 0.30158316720237655 1.0 0.37377801555750556 1.0 0.4873716039162298 1.0 0.18249107022156663 1.0 0.7747618946717426 1.0 0.6769586863597268 1.0 0.3003196394452369 1.0 0.5588649450841184 1.0 0.33931460183491585 1.0 0.6828108788388851 1.0 0.15765818790155095 1.0 0.35578247138643315 1.0 0.9859796110016675 1.0 0.37478569001021234 1.0 0.21840979630443635 1.0 0.44687270557619196
951.7392017751024 0.7476566547232494 1.0 0.2960857565273421 1.0 0.32469895892125533 1.0 0.46356771996510093 1.0 0.7267083769805441 1.0 0.46441485308366603 1.0 0.5855514016944752 1.0 0.4242032284235645 1.0 0.6926249989641952 1.0 0.6412084367391313 1.0 0.7005022830386066 1.0 0.6148871727689716 1.0 0.350653968314399 1.0 0.8765833653286668 1.0 0.32417686761929665 1.0 0.18829955613221833 1.0 0.4824108993881425 1.0 0.8969025083474428 1.0 0.42762391202081673 1.0 0.5182479497627912 1.0 0.9339388112829897 1.0 0.42691069298493234 1.0 0.6860878422298782 1.0 0.7760758109935518 1.0 0.9110050297949273 1.0 0.32176766971733917 1.0 0.19762277061829342 1.0 0.9881607038806508 1.0 0.3647126667877313 1.0 0.7505037278100822 1.0 0.338860403902541 1.0 0.6646068810712868 1.0 0.9637924829843786 1.0 0.8389728683709622 1.0 0.9476150566540965 1.0 0.9521891201108751 1.0 0.9417807220510419 1.0 0.651441715903958 1.0 0.20078821819996923 1.0 0.5283312460630557 1.0 0.6416069703257619 1.0 0.5569049317862895 1.0 0.46806898691180976 1.0 0.16270005897958661 1.0 0.667324209731277 1.0 0.42152775627096495 1.0 0.6219034003791017 1.0 0.9713735230673575 1.0 0.7738635251396789 1.0 0.47765556499561634 1.0 0.3525781783074615 1.0 0.8126666065600826 1.0 0.8226082764906072 1.0 0.5926586845978875
965.6111043042595 0.5546209798213352 1.0 0.2929546447042508 1.0 0.682468866229854 1.0 0.7100617683148995 1.0 0.9510187038927406 1.0 0.12866652335195763 1.0 0.6674840737125218 1.0 0.695194484341109 1.0 0.7529720735477053 1.0 0.348500464323183 1.0 0.7835515699536415 1.0 0.27387878977696944 1.0 0.8446984680081064 1.0 0.5166178094549656 1.0 0.7204405978348031 1.0 0.6006737681769803 1.0 0.1700097628600133 1.0 0.5813579006913835 1.0 0.7229303437418295 1.0 0.5349986195703104 1.0 0.554314512901819 1.0 0.5030703767358623 1.0 0.5079022764020976 1.0 0.9519695445843773 1.0 0.4802590257390793 1.0 0.6010437559131302 1.0 0.24805259616989075 1.0 0.5976842076871274 1.0 0.47480407957186765 1.0 0.7340211851755447 1.0 0.9017651882866277 1.0 0.8743271719696436 1.0 0.898069121438304 1.0 0.6403646932307425 1.0 0.30311219813379886 1.0 0.520932116823755 1.0 0.6008024375857705 1.0 0.23423823227263077 1.0 0.7233194420487277 1.0 0.9414508495099437 1.0 0.344080192035653 1.0 0.21582076114894924 1.0 0.7348837235294072 1.0 0.49928373301607953 1.0 0.25351054103245463 1.0 0.8102780183516941 1.0 0.494017880909026 1.0 0.3730564605880984 1.0 0.5995434454579042 1.0 0.6849787348515054 1.0 0.9004360060824469 1.0 0.5789674104280104 1.0 0.6573056087728278 1.0 0.6082656263641709 1.0 0.5088453261635756 1.0 0.33378415241047804
966.2451069288347 0.8347136838968721 1.0 0.7585057538234836 1.0 0.4288207382567677 1.0 0.7933184037254509 1.0 0.469993477866661 1.0 0.4551843250798535 1.0 0.5710934017481959 1.0 0.7661476273416502 1.0 0.35270338619379105 1.0 0.6694852062738461 1.0 0.989333550865726 1.0 0.5832621761559358 1.0 0.8008049640876792 1.0 0.8961978788021682 1.0 0.9351095166936716 1.0 0.18977890196716407 1.0 0.539863581562235 1.0 0.7648446662566853 1.0 0.7074450443854626 1.0 0.15815764705409233 1.0 0.10292619682065407 1.0 0.8814599823341096 1.0 0.9030385721587633 1.0 0.710228975348577 1.0 0.8789493758732323 1.0 0.9257621666631213 1.0 0.1554639411877549 1.0 0.42645261161971526 1.0 0.8704565346000214 1.0 0.9024693255953237 1.0 0.6984657421634879 1.0 0.902718070802527 1.0 0.6427084379985987 1.0 0.8462421636629591 1.0 0.3769078372382473 1.0 0.6988010747321504 1.0 0.6797001074587994 1.0 0.11327215974222807 1.0 0.8225662036824071 1.0 0.9568047661021489 1.0 0.23398182018473648 1.0 0.4877717435457338 1.0 0.9076554227123659
968.7592041038398 0.7263566446396214 1.0 0.12007885406584619 1.0 0.25007599183787976 1.0 0.372459827783184 1.0 0.6369406023914255 1.0 0.6200581141258286 1.0 0.21365879924828315 1.0 0.48304982408932784 1.0 0.44045688574653385 1.0 0.8219059402618492 1.0 0.8439603716951098 1.0 0.2745135641157731 1.0 0.6176884187689227 1.0 0.45075545199948375 1.0 0.7609459559339402 1.0 0.8905762790316557 1.0 0.7179003997248726 1.0 0.5897041111206575 1.0 0.6630188396521919 1.0 0.12397891498900418 1.0 0.9423512403874081 1.0 0.8608344695214535 1.0 0.7438625634104169 1.0 0.1656440656434341 1.0 0.21341915991452026 1.0 0.3158088563533164 1.0 0.5513172346342813 1.0 0.7628115560547861 1.0 0.23713630706905442 1.0 0.32112398972635137 1.0 0.8509811807253714 1.0 0.5441748622688178 1.0 0.9944458226562679 1.0 0.6769135853563182 1.0 0.4666827923285324 1.0 0.26723139576823685 1.0 0.8869568682969374 1.0 0.12925922394133052 1.0 0.3060269043647802 1.0 0.4327810598294042 1.0 0.24019769483310804 1.0 0.2367852695721995 1.0 0.37426456137887587 1.0 0.9533201407205526 1.0 0.8931628212787757 1.0 0.2692774868811308 1.0 0.256816063294679 1.0 0.43630696926451684 1.0 0.14718796648545385
982.9444374958646 0.7418004850359635 1.0 0.5987049273328973 1.0 0.45262191879656466 1.0 0.633535395035458 1.0 0.7669436170900447 1.0 0.8186879545789221 1.0 0.9074715866832691 1.0 0.5480223369053335 1.0 0.5240018702151616 1.0 0.5642702261829075 1.0 0.7402909647275423 1.0 0.9599064083574702 1.0 0.7359921296759043 1.0 0.8389962594366102 1.0 0.20837865390295346 1.0 0.7960426835267909 1.0 0.6345701966356383 1.0 0.24938313424212843 1.0 0.6330069940390026 1.0 0.6754665497995531 1.0 0.26772739630659265 1.0 0.9785368194511509 1.0 0.9836032985051943 1.0 0.2786462465492299 1.0 0.21982810726875485 1.0 0.11836986491076734 1.0 0.1471962913417178 1.0 0.48214014817474116 1.0 0.26639135757349586 1.0 0.1852539257018025 1.0 0.13219505698395664 1.0 0.7596625121577634 1.0 0.2498818290215526 1.0 0.6413833630193516 1.0 0.6462890085154775 1.0 0.12961820648946512 1.0 0.3241525815125895 1.0 0.7080878351024547 1.0 0.6315357360896857 1.0 0.9505889631008281
983.5616255441798 0.3427219729284318 1.0 0.20965866363802432 1.0 0.1592015916560945 1.0 0.6161903222399611 1.0 0.34424975334455005 1.0 0.6705992700682768 1.0 0.7709319446218259 1.0 0.8790150439950288 1.0 0.492058673988477 1.0 0.42632883290042833 1.0 0.6813707445710342 1.0 0.6846411166335167 1.0 0.47339291795074934 1.0 0.6012169032159035 1.0 0.41372046250457406 1.0 0.4043579543546072 1.0 0.6241169396787353 1.0 0.8947494648206635 1.0 0.436599936374665 1.0 0.2612803572649069 1.0 0.9047080279682219 1.0 0.9801070623147434 1.0 0.8355417803714165 1.0 0.25414720303941607 1.0 0.4178118074967986 1.0 0.44786211477443294 1.0 0.1227136192808829 1.0 0.20134866448438582 1.0 0.8286198174513816 1.0 0.1522150333039073 1.0 0.2455904115451783 1.0 0.15578988626698598 1.0 0.85327410609434 1.0 0.17846182026786844 1.0 0.8017287717446461 1.0 0.7755340246091714 1.0 0.854525752005374 1.0 0.5449961107422201 1.0 0.49833702201640306 1.0 0.2420693300270343 1.0 0.9950069298545681 1.0 0.6424136172723007 1.0 0.8363735432597922 1.0 0.6400170762726491 1.0 0.18561091324920764 1.0 0.9110518176341388 1.0 0.9612679041963638 1.0 0.5620576745611838 1.0 0.8801889832267724 1.0 0.1317830054108081 1.0 0.4265551491097421 1.0 0.4114879418881787 1.0 0.697405050500075 1.0 0.12234079584385249 1.0 0.44625342082457264 1.0 0.3120108112271567 1.0 0.6379371241496928 1.0 0.7945379430146411 1.0 0.30916423907513735 1.0 0.8639776861697736 1.0 0.16470782411379198 1.0 0.18138101055014882 1.0 0.4869666349152324 1.0 0.945556166689631 1.0 0.7528872602901187 1.0 0.5200163953126414 1.0 0.8964892061157459 1.0 0.16125239836783112
1024.9445198371905 0.20339922182146403 1.0 0.24359616753714045 1.0 0.9871919831815594 1.0 0.33698932942430954 1.0 0.6556764948526069 1.0 0.4119927164514442 1.0 0.19127946446376243 1.0 0.11669474297045312 1.0 0.6812507261697838 1.0 0.7698082629096253 1.0 0.6095234642563946 1.0 0.863256506273441 1.0 0.8002352318796282 1.0 0.37285562783549375 1.0 0.34334349521688867 1.0 0.36609559311097106 1.0 0.7687216811561286 1.0 0.43941217974522917 1.0 0.8960456057090603 1.0 0.9718128951746424 1.0 0.25159592264070707 1.0 0.6062349703452654 1.0 0.864758869813498 1.0 0.25375831851349373 1.0 0.37507822622908005 1.0 0.19680849430276365 1.0 0.7177881477255516 1.0 0.18342356194749232 1.0 0.7663677203073285 1.0 0.289819809618733 1.0 0.10809458181399935 1.0 0.7777142084956525 1.0 0.7715639090041482 1.0 0.23726910539583268 1.0 0.16611287149099793 1.0 0.3391726512075133 1.0 0.1121046273793921 1.0 0.40499941099667225 1.0 0.6023915728997122 1.0 0.23102196703950192 1.0 0.40866902943131933 1.0 0.8146711983305123 1.0 0.6921557525709988 1.0 0.8389149764669158 1.0 0.18989736813556074 1.0 0.6170749022538342 1.0 0.6523431132916556
1035.3796863981752 0.3690547929342528 1.0 0.8494688903629444 1.0 0.5147299913757967 1.0 0.2057793482008484 1.0 0.8988084443832777 1.0 0.6164365122961823 1.0 0.8691602369532548 1.0 0.5883593066753231 1.0 0.867134543138373 1.0 0.34060811556284043 1.0 0.6131454054285778 1.0 0.3751690728391279 1.0 0.7659221918101659 1.0 0.6938456088104904 1.0 0.7187927891957576 1.0 0.7830926597891269 1.0 0.8786662566455404 1.0 0.8441359398134556 1.0 0.37824053888168674 1.0 0.8082125881682649 1.0 0.46993695425682824 1.0 0.3119768147383363 1.0 0.510803647569076 1.0 0.8597199099774395 1.0 0.8143184112702966 1.0 0.7556906961095439 1.0 0.5851253498471428 1.0 0.5409211187322396 1.0 0.11634498772691952 1.0 0.9452904870052091 1.0 0.9261103831886421 1.0 0.7995430120805826 1.0 0.21028527022075194 1.0 0.8461872435305448 1.0 0.10983257546632057 1.0 0.8749082986667329 1.0 0.10475902115324337 1.0 0.3552591932704604 1.0 0.5274123152654915 1.0 0.8150102791287459 1.0 0.18483398121737316 1.0 0.89997507816517 1.0 0.1981105721372849 1.0 0.9636870343010174 1.0 0.20484131488676843 1.0 0.5294410685488199 1.0 0.4494233870662855 1.0 0.1812457798611966 1.0 0.5115011052320367 1.0 0.5928315832916745 1.0 0.20307365333031996 1.0 0.8699032168996016 1.0 0.17296050323273865
1049.1331060011235 0.3165773294540718 1.0 0.753401407341446 1.0 0.896628344251351 1.0 0.7197890322805133 1.0 0.8681210295238317 1.0 0.5422842064769866 1.0 0.27403972453089837 1.0 0.704099266168226 1.0 0.9484692209824044 1.0 0.1368946643948062 1.0 0.4608333473537396 1.0 0.5308233187388978 1.0 0.31176573997764956 1.0 0.25809692909034365 1.0 0.9599856532158434 1.0 0.5464369778931437 1.0 0.912923491569196 1.0 0.12774496486159242 1.0 0.6898728340653127 1.0 0.6280630853152844 1.0 0.7227566185136315 1.0 0.5542251090726046 1.0 0.10413115326982363 1.0 0.7302084648723539 1.0 0.24298228315559495 1.0 0.8492019062727565 1.0 0.12001962456266764 1.0 0.4028429986157862 1.0 0.29125694061922397 1.0 0.8759342989097976 1.0 0.18526747121593543 1.0 0.3411520527982377 1.0 0.4562715644300608 1.0 0.6489682635833778 1.0 0.8695029684510903 1.0 0.25566569306094167 1.0 0.8150147729986194 1.0 0.6832950597330552 1.0 0.9713461426346949 1.0 0.4732979266462364 1.0 0.6793021692042267 1.0 0.8440392167075565 1.0 0.14228317149309086 1.0 0.15209110360484224
1050.0387504580988 0.1839165730521634 1.0 0.490463106617272 1.0 0.11450168733067645 1.0 0.21219031844634445 1.0 0.7165595721447283 1.0 0.7212809946459037 1.0 0.5416264411413456 1.0 0.7444890589528949 1.0 0.6421531176890822 1.0 0.8396956462787668 1.0 0.5946631364250438 1.0 0.4837104785600397 1.0 0.6624191146737886 1.0 0.7494964772827746 1.0 0.47512983593410585 1.0 0.9558165745355556 1.0 0.47541262999460154 1.0 0.7135623482424913 1.0 0.4968107785321666 1.0 0.6188213834877461 1.0 0.8052160799673349 1.0 0.8475201607127358 1.0 0.3843284026548822 1.0 0.5390901945625978 1.0 0.43234111508743445 1.0 0.9595375952044284 1.0 0.38276432443340824 1.0 0.5919115481107271 1.0 0.6131324269596204 1.0 0.21845666216981524 1.0 0.6701021824139374 1.0 0.869577028710324 1.0 0.8946080697885658 1.0 0.26132913671016134 1.0 0.13737612674648336 1.0 0.5931628841942028 1.0 0.5563754138503273 1.0 0.47189736047547515 1.0 0.6837747571325665 1.0 0.32718502614090317 1.0 0.35406977384860183 1.0 0.6911195000369585 1.0 0.6308394709106939 1.0 0.7825144865526179 1.0 0.8394526937013772 1.0 0.14160885751385013 1.0 0.5884289401696213 1.0 0.974711927961523
